Created by SunData for Windows Mobile v2.0.0.1

Title     :Sample Experiment
Location  :cauldshiel
Latitude  :55.88N   Longitude :3.21W
2017-06-26          Local time is GMT+1 Hrs
SunScan probe v1.02R (C) JGW 2004/01/19

Ext Sensor:BFS      Leaf Angle Distn Parameter: 1     Leaf Absorption : 0.85
Group   1 :

 Time     Plot   Sample Trans- Spread  Incid-  Beam Zenith  LAI Notes
                        mitted          ent    Frac Angle

12:22:53     1      1   2194.1   0.02  2301.8  0.65  34.0   0.1 
12:22:56     1      2   2377.5   0.02  2301.2  0.65  34.0  -0.1 
12:22:58     1      3   2376.8   0.02  2301.2  0.65  34.0  -0.1 
12:23:00     1      4   2225.8   0.01  2303.0  0.65  34.0   0.0 
12:23:02     1      5   2339.0   0.01  2306.1  0.65  33.9   0.0 
12:23:04     1      6   2373.3   0.01  2306.1  0.65  33.9  -0.1 
12:23:06     1      7   2332.9   0.01  2304.8  0.65  33.9   0.0 
12:23:08     1      8   2360.4   0.02  2309.1  0.66  33.9  -0.1 
12:23:10     1      9   2369.9   0.01  2309.1  0.66  33.9  -0.1 
12:23:12     1     10   2390.9   0.01  2307.9  0.66  33.9  -0.1 

Average of  10 readings
  Incident light: 2305.0  Transmitted fraction:1.01   LAI:  0.0 

12:25:06     1      1     95.4   0.96  1491.9  0.49  33.8   4.6 
12:25:14     1      2    116.0   0.58  1955.7  0.60  33.8   4.7 
12:25:20     1      3    301.9   0.92  2340.2  0.66  33.8   3.4 
12:25:27     1      4    661.6   0.70  2423.9  0.67  33.8   2.1 
12:25:32     1      5    596.9   0.70  2216.9  0.65  33.8   2.1 
12:25:46     1      6     73.6   1.17  1455.8  0.47  33.8   5.0 

Average of   6 readings
  Incident light: 1980.7  Transmitted fraction:0.14   LAI:  3.7 

12:25:56     2      1    124.6   1.45  1455.8  0.47  33.8   4.0 
12:26:03     2      2    122.9   1.18  2474.5  0.68  33.8   5.1 
12:26:09     2      3    107.7   0.72  1979.5  0.60  33.8   4.9 
12:26:15     2      4    157.5   0.48  1577.9  0.50  33.8   3.8 
12:26:21     2      5    142.8   0.35  1290.4  0.39  33.8   3.5 

Average of   5 readings
  Incident light: 1755.6  Transmitted fraction:0.08   LAI:  4.3 

12:26:35     3      1     40.5   0.45  1113.4  0.29  33.8   5.5 
12:26:45     3      2     23.4   0.58  1096.3  0.28  33.8   6.5 
12:26:51     3      3     80.4   0.72  1096.3  0.28  33.8   4.2 
12:26:59     3      4     18.2   0.29   873.6  0.11  33.7   6.5 
12:27:05     3      5     27.3   0.34   873.6  0.11  33.7   5.7 

Average of   5 readings
  Incident light: 1010.6  Transmitted fraction:0.04   LAI:  5.7 

12:27:21     4      1     28.4   0.37   859.5  0.08  33.7   5.6 
12:27:27     4      2     25.2   0.33   892.5  0.11  33.7   5.9 
12:27:34     4      3     55.1   0.42   883.9  0.10  33.7   4.4 
12:27:40     4      4     21.9   0.27   876.6  0.10  33.7   6.1 
12:27:48     4      5     20.2   0.39   901.6  0.12  33.7   6.3 

Average of   5 readings
  Incident light:  882.8  Transmitted fraction:0.03   LAI:  5.7 

12:28:09     5      1    124.1   0.34   840.6  0.05  33.7   2.8 
12:28:15     5      2    106.9   0.35   840.6  0.05  33.7   3.1 
12:28:21     5      3    149.7   0.25   821.7  0.03  33.7   2.5 
12:28:26     5      4     76.2   0.29   815.6  0.03  33.7   3.6 
12:28:32     5      5    129.6   0.29   811.9  0.02  33.7   2.7 

Average of   5 readings
  Incident light:  826.1  Transmitted fraction:0.14   LAI:  2.9 

12:28:47     6      1     34.2   0.35   802.8  0.02  33.7   5.0 
12:28:53     6      2     33.1   0.89   796.7  0.01  33.7   5.1 
12:29:00     6      3     90.2   0.18   794.8  0.01  33.7   3.3 
12:29:06     6      4    121.9   0.18   789.9  0.01  33.6   2.7 
12:29:12     6      5     94.3   0.23   786.9  0.01  33.6   3.2 

Average of   5 readings
  Incident light:  794.2  Transmitted fraction:0.09   LAI:  3.9 

12:29:29     7      1     42.3   0.40   775.9  0.01  33.6   4.6 
12:29:35     7      2     41.9   0.20   775.9  0.01  33.6   4.6 
12:29:41     7      3     53.7   0.39   760.7  0.00  33.6   4.1 
12:29:48     7      4     43.9   0.31   755.2  0.00  33.6   4.4 
12:29:57     7      5     58.5   0.42   746.0  0.00  33.6   3.9 

Average of   5 readings
  Incident light:  762.7  Transmitted fraction:0.06   LAI:  4.3 

12:30:13     8      1    109.4   0.26   735.0  0.01  33.6   2.8 
12:30:18     8      2    108.3   0.31   730.1  0.01  33.6   2.8 
12:30:27     8      3    113.7   0.31   719.1  0.01  33.6   2.7 
12:30:36     8      4    107.8   0.30   706.9  0.02  33.6   2.8 
12:30:41     8      5    119.1   0.30   700.2  0.02  33.6   2.6 

Average of   5 readings
  Incident light:  718.3  Transmitted fraction:0.16   LAI:  2.7 

12:31:01     9      1     13.0   0.24   681.3  0.02  33.6   6.6 
12:31:08     9      2     25.8   0.47   677.0  0.02  33.6   5.2 
12:31:16     9      3     23.3   0.38   669.1  0.02  33.5   5.4 
12:31:23     9      4     23.7   0.31   666.0  0.02  33.5   5.4 
12:31:31     9      5     30.2   0.30   658.1  0.02  33.5   4.9 

Average of   5 readings
  Incident light:  670.3  Transmitted fraction:0.03   LAI:  5.5 

12:31:48    10      1     13.8   0.54   639.8  0.02  33.5   6.4 
12:31:54    10      2     18.0   0.63   637.4  0.02  33.5   5.8 
12:32:01    10      3     35.8   0.20   630.0  0.01  33.5   4.5 
12:32:08    10      4     24.7   0.38   623.3  0.01  33.5   5.2 
12:32:14    10      5     24.4   0.45   620.9  0.01  33.5   5.2 

Average of   5 readings
  Incident light:  630.3  Transmitted fraction:0.04   LAI:  5.4 

12:33:16    11      1     30.1   0.28   579.4  0.00  33.5   4.7 
12:33:23    11      2     33.7   0.23   573.9  0.00  33.5   4.4 
12:33:30    11      3     33.0   0.49   571.4  0.00  33.5   4.5 
12:33:36    11      4     26.6   0.22   568.4  0.00  33.4   4.8 
12:33:43    11      5     30.0   0.22   565.3  0.00  33.4   4.6 

Average of   5 readings
  Incident light:  571.7  Transmitted fraction:0.05   LAI:  4.6 

12:33:58    12      1     64.2   0.15   557.4  0.00  33.4   3.2 
12:34:04    12      2     40.0   0.36   553.1  0.00  33.4   4.0 
12:34:10    12      3     39.1   0.38   549.5  0.00  33.4   4.1 
12:34:17    12      4     64.3   0.22   545.2  0.00  33.4   3.2 
12:34:24    12      5     61.7   0.36   540.3  0.00  33.4   3.2 

Average of   5 readings
  Incident light:  549.1  Transmitted fraction:0.10   LAI:  3.6 

12:34:41    13      1     77.8   0.20   532.4  0.00  33.4   2.8 
12:34:46    13      2     54.3   0.26   529.3  0.00  33.4   3.4 
12:34:52    13      3     83.2   0.24   527.5  0.00  33.4   2.7 
12:34:59    13      4     76.9   0.23   523.2  0.00  33.4   2.8 
12:35:04    13      5     71.1   0.25   521.4  0.00  33.4   2.9 

Average of   5 readings
  Incident light:  526.8  Transmitted fraction:0.14   LAI:  2.9 

12:35:19    14      1     29.8   0.24   512.2  0.00  33.4   4.4 
12:35:26    14      2     25.0   0.26   509.2  0.00  33.4   4.8 
12:35:32    14      3     44.9   0.31   509.2  0.00  33.4   3.7 
12:35:39    14      4     41.4   0.26   501.3  0.00  33.4   3.8 
12:35:46    14      5     72.2   0.42   496.4  0.00  33.4   2.8 

Average of   5 readings
  Incident light:  505.7  Transmitted fraction:0.08   LAI:  3.9 

12:36:05    15      1    110.4   0.30   484.2  0.00  33.3   2.1 
12:36:11    15      2    108.8   0.23   481.1  0.00  33.3   2.1 
12:36:18    15      3    101.7   0.27   478.1  0.00  33.3   2.2 
12:36:23    15      4    116.6   0.13   476.2  0.00  33.3   2.0 
12:36:28    15      5    105.8   0.22   474.4  0.00  33.3   2.1 

Average of   5 readings
  Incident light:  478.8  Transmitted fraction:0.23   LAI:  2.1 

12:36:46    16      1     29.1   0.61   465.2  0.00  33.3   4.3 
12:36:51    16      2     40.8   0.21   461.6  0.00  33.3   3.7 
12:36:57    16      3     43.3   0.22   458.5  0.00  33.3   3.6 
12:37:04    16      4     23.3   0.32   455.5  0.00  33.3   4.7 
12:37:11    16      5     20.3   0.27   452.4  0.00  33.3   4.9 

Average of   5 readings
  Incident light:  458.6  Transmitted fraction:0.07   LAI:  4.2 

12:37:27    17      1     52.0   0.26   442.0  0.00  33.3   3.2 
12:37:33    17      2     30.6   0.32   439.6  0.00  33.3   4.1 
12:37:40    17      3     38.1   0.31   435.3  0.00  33.3   3.7 
12:37:46    17      4     41.5   0.17   433.5  0.00  33.3   3.6 
12:37:51    17      5     54.9   0.22   430.5  0.00  33.3   3.1 

Average of   5 readings
  Incident light:  436.2  Transmitted fraction:0.10   LAI:  3.5 

12:38:07    18      1     50.4   0.17   423.1  0.00  33.3   3.2 
12:38:12    18      2     52.2   0.14   420.1  0.00  33.3   3.1 
12:38:18    18      3     62.1   0.26   419.5  0.00  33.3   2.8 
12:38:23    18      4     59.0   0.16   416.4  0.00  33.3   2.9 
12:38:28    18      5     61.3   0.25   415.2  0.00  33.3   2.8 

Average of   5 readings
  Incident light:  418.9  Transmitted fraction:0.14   LAI:  3.0 

12:38:44    19      1     46.5   0.29   411.5  0.00  33.2   3.3 
12:38:51    19      2     55.2   0.31   409.1  0.00  33.2   3.0 
12:38:57    19      3     62.5   0.18   407.3  0.00  33.2   2.7 
12:39:03    19      4     50.3   0.24   406.6  0.00  33.2   3.1 
12:39:09    19      5     49.2   0.31   404.2  0.00  33.2   3.1 

Average of   5 readings
  Incident light:  407.7  Transmitted fraction:0.13   LAI:  3.0 

12:39:25    20      1     77.3   0.22   400.5  0.00  33.2   2.4 
12:39:31    20      2     85.5   0.18   399.3  0.00  33.2   2.2 
12:39:37    20      3     81.0   0.13   397.5  0.00  33.2   2.3 
12:39:43    20      4    106.1   0.18   396.3  0.00  33.2   1.8 
12:39:48    20      5     95.9   0.29   394.4  0.00  33.2   2.0 

Average of   5 readings
  Incident light:  397.6  Transmitted fraction:0.22   LAI:  2.1 

12:40:33    21      1     31.6   0.35   382.2  0.01  33.2   3.8 
12:40:40    21      2     16.1   0.42   380.4  0.01  33.2   5.0 
12:40:46    21      3     10.3   0.35   378.6  0.01  33.2   5.9 
12:40:52    21      4     16.0   0.76   376.1  0.01  33.2   5.0 
12:40:57    21      5      6.4   0.79   374.3  0.01  33.2   6.8 

Average of   5 readings
  Incident light:  378.3  Transmitted fraction:0.04   LAI:  5.3 

12:41:13    22      1     65.7   0.31   368.2  0.02  33.1   2.5 
12:41:18    22      2     66.3   0.26   367.6  0.02  33.1   2.5 
12:41:25    22      3     86.4   0.34   365.1  0.01  33.1   2.0 
12:41:31    22      4     78.8   0.26   363.3  0.02  33.1   2.2 
12:41:38    22      5     93.0   0.27   359.6  0.02  33.1   1.9 

Average of   5 readings
  Incident light:  364.8  Transmitted fraction:0.21   LAI:  2.2 

12:41:55    23      1     19.8   0.32   355.4  0.01  33.1   4.5 
12:42:01    23      2     30.0   0.35   352.3  0.01  33.1   3.8 
12:42:08    23      3     21.4   0.43   350.5  0.01  33.1   4.4 
12:42:13    23      4     15.6   0.45   348.7  0.01  33.1   4.9 
12:42:19    23      5     22.4   0.40   347.4  0.01  33.1   4.3 

Average of   5 readings
  Incident light:  350.9  Transmitted fraction:0.06   LAI:  4.4 

12:42:36    24      1     47.5   0.16   341.3  0.01  33.1   2.9 
12:42:42    24      2     47.2   0.18   341.3  0.01  33.1   2.9 
12:42:48    24      3     61.1   0.31   339.5  0.01  33.1   2.5 
12:42:54    24      4     52.2   0.32   338.3  0.01  33.1   2.7 
12:43:00    24      5     56.3   0.33   337.7  0.00  33.1   2.6 

Average of   5 readings
  Incident light:  339.6  Transmitted fraction:0.16   LAI:  2.7 

12:43:16    25      1     30.1   0.41   334.6  0.00  33.1   3.7 
12:43:22    25      2     30.7   0.29   333.4  0.00  33.1   3.6 
12:43:32    25      3     22.7   0.34   331.6  0.00  33.1   4.1 
12:43:37    25      4     22.7   0.26   330.4  0.00  33.1   4.1 
12:43:43    25      5     18.8   0.48   329.7  0.00  33.1   4.5 

Average of   5 readings
  Incident light:  331.9  Transmitted fraction:0.08   LAI:  4.0 

12:44:01    26      1     24.7   0.24   325.5  0.00  33.1   4.0 
12:44:07    26      2     34.0   0.25   324.2  0.00  33.1   3.4 
12:44:13    26      3     36.4   0.37   322.4  0.00  33.0   3.3 
12:44:19    26      4     18.7   0.25   322.4  0.00  33.0   4.4 
12:44:26    26      5     24.1   0.25   320.6  0.00  33.0   4.0 

Average of   5 readings
  Incident light:  323.0  Transmitted fraction:0.09   LAI:  3.8 

12:44:43    27      1     89.0   0.23   317.5  0.00  33.0   1.8 
12:44:49    27      2    101.4   0.15   317.5  0.00  33.0   1.6 
12:44:55    27      3     77.7   0.11   315.7  0.00  33.0   2.0 
12:45:00    27      4     68.5   0.24   315.7  0.00  33.0   2.2 
12:45:06    27      5     73.3   0.32   313.3  0.00  33.0   2.1 

Average of   5 readings
  Incident light:  315.9  Transmitted fraction:0.26   LAI:  1.9 

12:45:23    28      1     25.8   0.30   312.7  0.00  33.0   3.8 
12:45:28    28      2     26.7   0.18   310.2  0.00  33.0   3.7 
12:45:34    28      3     28.0   0.41   310.2  0.00  33.0   3.7 
12:45:39    28      4     23.5   0.18   309.6  0.00  33.0   4.0 
12:45:45    28      5     17.6   0.23   308.4  0.00  33.0   4.5 

Average of   5 readings
  Incident light:  310.2  Transmitted fraction:0.08   LAI:  3.9 

12:46:02    29      1     54.5   0.31   306.5  0.00  33.0   2.5 
12:46:08    29      2     55.6   0.14   304.7  0.00  33.0   2.5 
12:46:14    29      3     61.3   0.31   303.5  0.00  33.0   2.3 
12:46:19    29      4     49.8   0.27   303.5  0.00  33.0   2.6 
12:46:24    29      5     39.1   0.30   302.3  0.00  33.0   3.0 

Average of   5 readings
  Incident light:  304.1  Transmitted fraction:0.17   LAI:  2.6 

12:46:41    30      1     40.3   0.20   298.6  0.00  33.0   3.0 
12:46:46    30      2     34.3   0.34   298.6  0.00  33.0   3.2 
12:46:52    30      3     36.3   0.32   297.4  0.00  33.0   3.1 
12:46:58    30      4     40.8   0.33   297.4  0.00  33.0   2.9 
12:47:03    30      5     53.1   0.36   296.8  0.00  33.0   2.5 

Average of   5 readings
  Incident light:  297.8  Transmitted fraction:0.14   LAI:  3.0 

12:47:50    31      1      7.5   0.30   294.3  0.00  32.9   6.0 
12:47:56    31      2      5.6   0.37   294.3  0.00  32.9   6.6 
12:48:02    31      3      6.0   0.50   294.3  0.00  32.9   6.5 
12:48:09    31      4      3.9   0.49   294.3  0.00  32.9   7.4 
12:48:15    31      5     10.0   0.47   294.3  0.00  32.9   5.5 

Average of   5 readings
  Incident light:  294.3  Transmitted fraction:0.02   LAI:  6.4 

12:48:33    32      1     10.1   0.45   294.3  0.00  32.9   5.4 
12:48:39    32      2      9.5   0.28   293.7  0.00  32.9   5.6 
12:48:46    32      3      7.0   0.33   293.7  0.00  32.9   6.2 
12:48:52    32      4      5.0   0.59   293.7  0.00  32.9   6.9 
12:48:57    32      5      8.4   0.50   292.5  0.00  32.9   5.8 

Average of   5 readings
  Incident light:  293.6  Transmitted fraction:0.03   LAI:  6.0 

12:49:13    33      1     16.4   0.28   292.5  0.00  32.9   4.5 
12:49:20    33      2     26.6   0.28   291.3  0.00  32.9   3.6 
12:49:26    33      3     10.8   0.39   291.3  0.00  32.9   5.3 
12:49:32    33      4     10.2   0.92   290.7  0.00  32.9   5.4 
12:49:38    33      5     18.6   0.43   289.5  0.00  32.9   4.3 

Average of   5 readings
  Incident light:  291.1  Transmitted fraction:0.06   LAI:  4.6 

12:49:54    34      1     58.3   0.40   288.2  0.00  32.9   2.3 
12:50:00    34      2     59.2   0.20   288.2  0.00  32.9   2.3 
12:50:05    34      3     64.9   0.18   288.2  0.00  32.9   2.1 
12:50:10    34      4     56.3   0.14   287.6  0.00  32.9   2.4 
12:50:15    34      5     47.9   0.19   287.6  0.00  32.9   2.6 

Average of   5 readings
  Incident light:  288.0  Transmitted fraction:0.20   LAI:  2.3 

12:50:33    35      1     23.0   0.31   287.6  0.00  32.9   3.9 
12:50:39    35      2     21.5   0.40   287.6  0.01  32.9   4.0 
12:50:44    35      3     23.8   0.30   287.6  0.01  32.9   3.8 
12:50:49    35      4     30.2   0.14   287.6  0.01  32.9   3.4 
12:50:54    35      5     31.3   0.16   286.4  0.01  32.9   3.3 

Average of   5 readings
  Incident light:  287.4  Transmitted fraction:0.09   LAI:  3.7 

12:51:09    36      1     14.9   0.24   285.8  0.01  32.8   4.6 
12:51:14    36      2     20.8   0.34   285.8  0.01  32.8   4.0 
12:51:20    36      3     27.7   0.19   285.8  0.01  32.8   3.5 
12:51:26    36      4     19.3   0.47   285.8  0.01  32.8   4.2 
12:51:31    36      5     35.7   0.19   285.8  0.01  32.8   3.1 

Average of   5 readings
  Incident light:  285.8  Transmitted fraction:0.08   LAI:  3.9 

12:51:51    37      1     23.5   0.29   283.4  0.01  32.8   3.8 
12:51:56    37      2     19.7   0.35   283.4  0.00  32.8   4.1 
12:52:02    37      3     14.7   0.20   283.4  0.00  32.8   4.7 
12:52:08    37      4     18.0   0.37   283.4  0.00  32.8   4.3 
12:52:13    37      5     18.1   0.22   283.4  0.00  32.8   4.3 

Average of   5 readings
  Incident light:  283.4  Transmitted fraction:0.07   LAI:  4.2 

12:52:29    38      1     26.5   0.29   284.6  0.00  32.8   3.6 
12:52:34    38      2     23.9   0.31   284.6  0.00  32.8   3.8 
12:52:40    38      3     29.6   0.48   285.8  0.00  32.8   3.4 
12:52:46    38      4     35.2   0.30   285.8  0.00  32.8   3.1 
12:52:52    38      5     29.8   0.40   286.4  0.00  32.8   3.4 

Average of   5 readings
  Incident light:  285.4  Transmitted fraction:0.10   LAI:  3.5 

12:53:08    39      1     74.9   0.08   287.6  0.00  32.8   1.9 
12:53:13    39      2     68.5   0.25   287.6  0.00  32.8   2.0 
12:53:18    39      3     55.5   0.20   288.2  0.00  32.8   2.4 
12:53:24    39      4     73.4   0.27   288.2  0.00  32.8   1.9 
12:53:29    39      5     61.6   0.20   289.5  0.00  32.8   2.2 

Average of   5 readings
  Incident light:  288.2  Transmitted fraction:0.23   LAI:  2.1 

12:53:51    40      1     53.0   0.24   291.3  0.00  32.8   2.5 
12:53:56    40      2     58.2   0.25   292.5  0.00  32.8   2.3 
12:54:02    40      3     47.7   0.31   292.5  0.00  32.8   2.7 
12:54:07    40      4     62.8   0.33   293.7  0.00  32.8   2.2 
12:54:11    40      5     38.3   0.32   293.7  0.00  32.8   3.0 

Average of   5 readings
  Incident light:  292.7  Transmitted fraction:0.18   LAI:  2.5 

12:54:43    41      1     22.0   0.37   296.8  0.00  32.8   4.0 
12:54:51    41      2     26.1   0.25   297.4  0.00  32.8   3.7 
12:54:56    41      3     18.5   0.27   297.4  0.00  32.8   4.3 
12:55:02    41      4     21.7   0.33   298.6  0.00  32.8   4.0 
12:55:08    41      5     25.0   0.29   298.6  0.00  32.8   3.8 

Average of   5 readings
  Incident light:  297.8  Transmitted fraction:0.08   LAI:  4.0 

12:55:26    42      1     18.2   0.29   301.7  0.00  32.7   4.4 
12:55:31    42      2     21.3   0.24   301.7  0.00  32.7   4.1 
12:55:36    42      3     20.9   0.19   301.7  0.00  32.7   4.1 
12:55:41    42      4     21.6   0.28   302.3  0.00  32.7   4.1 
12:55:47    42      5     19.4   0.43   302.3  0.00  32.7   4.3 

Average of   5 readings
  Incident light:  301.9  Transmitted fraction:0.07   LAI:  4.2 

12:56:01    43      1     17.0   0.45   304.7  0.00  32.7   4.5 
12:56:07    43      2     17.6   0.30   305.3  0.00  32.7   4.5 
12:56:12    43      3     18.5   0.27   305.3  0.00  32.7   4.4 
12:56:20    43      4     12.5   0.37   306.5  0.00  32.7   5.1 
12:56:25    43      5     22.0   0.41   306.5  0.00  32.7   4.1 

Average of   5 readings
  Incident light:  305.7  Transmitted fraction:0.06   LAI:  4.5 

12:56:40    44      1     15.1   0.38   307.8  0.00  32.7   4.8 
12:56:47    44      2     11.4   0.59   308.4  0.00  32.7   5.3 
12:56:53    44      3     15.0   0.40   308.4  0.00  32.7   4.8 
12:57:00    44      4     12.5   0.56   309.6  0.00  32.7   5.1 
12:57:07    44      5     17.3   0.35   309.6  0.00  32.7   4.5 

Average of   5 readings
  Incident light:  308.8  Transmitted fraction:0.05   LAI:  4.9 

13:00:03    45      1     17.0   0.99   326.7  0.00  32.7   4.7 
13:00:09    45      2     17.2   0.25   326.7  0.00  32.7   4.6 
13:00:14    45      3      7.1   1.08   327.3  0.00  32.7   6.3 
13:00:19    45      4     10.9   0.94   327.3  0.00  32.7   5.5 
13:00:24    45      5     17.6   0.80   327.3  0.00  32.7   4.6 

Average of   5 readings
  Incident light:  327.1  Transmitted fraction:0.04   LAI:  5.1 

13:00:40    46      1    101.0   0.15   331.6  0.00  32.7   1.6 
13:00:45    46      2     60.0   0.20   331.6  0.00  32.7   2.5 
13:00:50    46      3     69.8   0.20   333.4  0.00  32.7   2.2 
13:00:55    46      4     59.9   0.24   333.4  0.00  32.6   2.5 
13:01:00    46      5     69.8   0.25   334.6  0.00  32.6   2.2 

Average of   5 readings
  Incident light:  332.9  Transmitted fraction:0.22   LAI:  2.2 

13:01:16    47      1     69.5   0.22   336.5  0.00  32.6   2.3 
13:01:21    47      2     43.3   0.21   337.7  0.00  32.6   3.1 
13:01:26    47      3     52.3   0.21   338.3  0.01  32.6   2.7 
13:01:31    47      4     56.9   0.17   338.3  0.01  32.6   2.6 
13:01:35    47      5     59.0   0.30   338.3  0.01  32.6   2.5 

Average of   5 readings
  Incident light:  337.8  Transmitted fraction:0.17   LAI:  2.6 

13:01:50    48      1     27.5   0.27   341.3  0.01  32.6   3.9 
13:01:55    48      2     37.7   0.25   342.6  0.01  32.6   3.3 
13:02:00    48      3     36.8   0.24   343.2  0.01  32.6   3.4 
13:02:05    48      4     25.6   0.28   343.2  0.01  32.6   4.0 
13:02:12    48      5     39.4   0.47   343.2  0.01  32.6   3.2 

Average of   5 readings
  Incident light:  342.7  Transmitted fraction:0.10   LAI:  3.6 

13:02:28    49      1     17.9   0.28   348.7  0.01  32.6   4.7 
13:02:33    49      2     30.2   0.18   348.7  0.01  32.6   3.7 
13:02:38    49      3     18.0   0.40   349.3  0.01  32.6   4.7 
13:02:43    49      4     27.2   0.32   350.5  0.01  32.6   3.9 
13:02:49    49      5     13.4   0.37   350.5  0.01  32.6   5.2 

Average of   5 readings
  Incident light:  349.5  Transmitted fraction:0.06   LAI:  4.5 

13:03:04    50      1     22.4   0.16   355.4  0.01  32.6   4.3 
13:03:09    50      2     35.0   0.26   355.4  0.01  32.6   3.5 
13:03:14    50      3     28.2   0.26   355.4  0.01  32.6   3.9 
13:03:19    50      4     26.9   0.28   357.2  0.01  32.6   4.0 
13:03:25    50      5     24.4   0.44   357.2  0.01  32.6   4.2 

Average of   5 readings
  Incident light:  356.1  Transmitted fraction:0.08   LAI:  4.0 

