Created by SunData for Windows Mobile v2.0.0.1

Title     :Sample Experiment
Location  :cauldshiel
Latitude  :55.88N   Longitude :2.83W
2017-07-14          Local time is GMT+1 Hrs
SunScan probe v1.02R (C) JGW 2004/01/19

Ext Sensor:BFS      Leaf Angle Distn Parameter: 1     Leaf Absorption : 0.85
Group   1 :

 Time     Plot   Sample Trans- Spread  Incid-  Beam Zenith  LAI Notes
                        mitted          ent    Frac Angle

08:36:59     1      1    349.6   0.03     0.2  0.00  61.1  -8.1 
08:37:03     1      2    351.5   0.03   339.5  0.00  61.1   0.0 
08:37:06     1      3    352.5   0.03   340.7  0.00  61.1   0.0 
08:37:08     1      4    353.4   0.03   341.3  0.00  61.1   0.0 
08:37:10     1      5    353.3   0.03   342.6  0.00  61.1   0.0 
08:37:13     1      6    354.4   0.03   342.6  0.00  61.1   0.0 
08:37:15     1      7    355.6   0.03   343.2  0.00  61.1   0.0 
08:37:16     1      8    356.4   0.03   345.6  0.00  61.1   0.0 
08:37:18     1      9    356.7   0.03   345.6  0.00  61.1   0.0 
08:37:20     1     10    357.8   0.03   346.2  0.00  61.1   0.0 
08:37:22     1     11    357.5   0.03   348.7  0.00  61.1   0.0 

Average of  11 readings
  Incident light:  312.4  Transmitted fraction:0.94   LAI: -0.8 

08:40:38     1      1     21.3   0.27   451.2  0.05  60.6   4.8 
08:40:44     1      2     23.6   0.38   456.1  0.06  60.6   4.6 
08:40:50     1      3     34.3   0.25   452.4  0.05  60.6   3.9 
08:40:57     1      4     62.5   0.18   448.2  0.04  60.6   2.9 
08:41:02     1      5     95.4   0.14   448.2  0.04  60.5   2.2 

Average of   5 readings
  Incident light:  451.2  Transmitted fraction:0.11   LAI:  3.7 

08:41:17     2      1     12.3   0.25   453.0  0.04  60.5   5.8 
08:41:24     2      2     13.3   0.18   458.5  0.05  60.5   5.7 
08:41:31     2      3     19.6   0.27   472.6  0.07  60.5   5.0 
08:41:36     2      4     32.2   0.25   478.1  0.08  60.5   4.1 
08:41:42     2      5     53.2   0.19   478.1  0.08  60.4   3.2 

Average of   5 readings
  Incident light:  468.1  Transmitted fraction:0.06   LAI:  4.8 

08:41:56     3      1     10.0   0.35   471.3  0.06  60.4   6.3 
08:42:01     3      2     14.5   0.48   474.4  0.07  60.4   5.6 
08:42:08     3      3     14.7   0.26   492.1  0.11  60.4   5.5 
08:42:14     3      4      9.3   0.35   546.4  0.20  60.4   6.5 
08:42:20     3      5     10.8   0.26   511.0  0.15  60.4   6.1 

Average of   5 readings
  Incident light:  499.0  Transmitted fraction:0.02   LAI:  6.0 

08:42:35     4      1     11.3   0.40   495.1  0.12  60.3   6.0 
08:42:41     4      2      8.0   0.31   503.1  0.14  60.3   6.7 
08:42:47     4      3     19.0   0.20   492.1  0.12  60.3   5.0 
08:42:53     4      4     13.0   0.49   498.2  0.13  60.3   5.8 
08:42:58     4      5      9.6   0.24   480.5  0.10  60.3   6.4 

Average of   5 readings
  Incident light:  493.8  Transmitted fraction:0.02   LAI:  6.0 

08:43:14     5      1     26.8   0.23   472.6  0.07  60.2   4.4 
08:43:20     5      2     50.3   0.56   472.6  0.07  60.2   3.3 
08:43:26     5      3     87.3   0.14   472.6  0.07  60.2   2.4 
08:43:35     5      4     45.2   0.21   493.3  0.08  60.2   3.5 
08:43:40     5      5     76.3   0.28   471.3  0.04  60.2   2.6 

Average of   5 readings
  Incident light:  476.5  Transmitted fraction:0.12   LAI:  3.3 

08:43:55     6      1     18.9   0.32   457.3  0.01  60.1   5.1 
08:44:01     6      2     13.4   0.31   458.5  0.00  60.1   5.7 
08:44:07     6      3     48.6   0.33   464.0  0.00  60.1   3.4 
08:44:13     6      4     45.2   0.33   467.1  0.00  60.1   3.5 
08:44:19     6      5     47.4   0.19   467.1  0.00  60.1   3.4 

Average of   5 readings
  Incident light:  462.8  Transmitted fraction:0.07   LAI:  4.2 

08:44:33     7      1     20.8   0.29   500.0  0.05  60.1   5.0 
08:44:39     7      2     15.7   0.34   483.6  0.01  60.0   5.5 
08:44:45     7      3     32.6   0.29   480.5  0.00  60.0   4.2 
08:44:51     7      4     20.3   0.48   482.3  0.00  60.0   5.0 
08:44:56     7      5     59.3   0.31   485.4  0.00  60.0   3.1 

Average of   5 readings
  Incident light:  486.4  Transmitted fraction:0.06   LAI:  4.6 

08:45:10     8      1     64.5   0.18   498.2  0.02  60.0   3.0 
08:45:16     8      2     97.2   0.24   502.5  0.03  60.0   2.4 
08:45:21     8      3     64.9   0.34   509.2  0.03  59.9   3.0 
08:45:27     8      4     63.8   0.17   512.2  0.04  59.9   3.1 
08:45:32     8      5     73.7   0.25   514.1  0.04  59.9   2.8 

Average of   5 readings
  Incident light:  507.2  Transmitted fraction:0.14   LAI:  2.9 

08:45:48     9      1      9.4   0.75   534.2  0.07  59.9   6.7 
08:45:54     9      2     13.0   0.33   559.2  0.10  59.9   6.0 
08:46:00     9      3     12.9   0.50   578.2  0.13  59.8   6.1 
08:46:06     9      4     26.5   0.36   614.2  0.18  59.8   4.7 
08:46:11     9      5     20.2   0.27   589.1  0.14  59.8   5.2 

Average of   5 readings
  Incident light:  575.0  Transmitted fraction:0.03   LAI:  5.7 

08:46:29    10      1     14.6   0.46   565.9  0.09  59.8   5.8 
08:46:34    10      2      8.0   0.62   554.4  0.07  59.8   7.0 
08:46:42    10      3     22.2   0.27   549.5  0.06  59.8   5.0 
08:46:49    10      4     19.9   0.49   559.2  0.07  59.7   5.3 
08:46:54    10      5     41.5   0.19   565.3  0.08  59.7   3.9 

Average of   5 readings
  Incident light:  558.9  Transmitted fraction:0.04   LAI:  5.4 

08:47:51    11      1     27.5   0.34   540.9  0.02  59.6   4.7 
08:47:56    11      2     21.5   0.35   542.1  0.02  59.6   5.1 
08:48:02    11      3     39.3   0.27   543.4  0.02  59.6   4.0 
08:48:07    11      4     28.3   0.27   547.0  0.03  59.6   4.6 
08:48:12    11      5     29.7   0.30   549.5  0.03  59.5   4.5 

Average of   5 readings
  Incident light:  544.6  Transmitted fraction:0.05   LAI:  4.6 

08:48:27    12      1     51.3   0.25   550.1  0.03  59.5   3.6 
08:48:32    12      2     36.5   0.28   545.2  0.02  59.5   4.2 
08:48:38    12      3     32.9   0.28   544.0  0.01  59.5   4.4 
08:48:43    12      4     59.0   0.22   543.4  0.01  59.5   3.3 
08:48:48    12      5     63.1   0.33   544.0  0.01  59.5   3.2 

Average of   5 readings
  Incident light:  545.3  Transmitted fraction:0.09   LAI:  3.7 

08:49:01    13      1     66.0   0.30   550.1  0.02  59.4   3.1 
08:49:06    13      2     53.6   0.26   551.3  0.02  59.4   3.5 
08:49:12    13      3     83.1   0.13   551.9  0.02  59.4   2.8 
08:49:17    13      4     74.2   0.20   551.9  0.02  59.4   3.0 
08:49:22    13      5     76.6   0.15   551.9  0.02  59.4   2.9 

Average of   5 readings
  Incident light:  551.4  Transmitted fraction:0.13   LAI:  3.1 

08:49:49    14      1     27.8   0.46   551.3  0.02  59.3   4.7 
08:49:54    14      2     28.8   0.40   550.1  0.02  59.3   4.6 
08:50:00    14      3     38.6   0.26   550.1  0.02  59.3   4.1 
08:50:05    14      4     37.9   0.29   549.5  0.03  59.3   4.1 
08:50:11    14      5     46.3   0.17   548.2  0.03  59.3   3.7 

Average of   5 readings
  Incident light:  549.8  Transmitted fraction:0.07   LAI:  4.2 

08:50:27    15      1    112.7   0.25   546.4  0.03  59.2   2.3 
08:50:32    15      2    107.3   0.31   547.0  0.03  59.2   2.3 
08:50:37    15      3    158.4   0.26   550.1  0.04  59.2   1.7 
08:50:42    15      4    139.3   0.12   551.3  0.04  59.2   1.9 
08:50:47    15      5    151.0   0.14   560.5  0.06  59.2   1.8 

Average of   5 readings
  Incident light:  551.1  Transmitted fraction:0.24   LAI:  2.0 

08:51:02    16      1     29.7   0.44   545.2  0.03  59.1   4.5 
08:51:07    16      2     34.3   0.32   545.2  0.03  59.1   4.3 
08:51:12    16      3     73.4   0.25   544.0  0.03  59.1   2.9 
08:51:17    16      4     42.8   0.35   543.4  0.03  59.1   3.9 
08:51:22    16      5     23.1   0.35   543.4  0.03  59.1   5.0 

Average of   5 readings
  Incident light:  544.2  Transmitted fraction:0.07   LAI:  4.1 

08:51:36    17      1     51.1   0.38   562.3  0.06  59.1   3.6 
08:51:41    17      2     33.0   0.31   644.1  0.18  59.1   4.4 
08:51:46    17      3     36.2   0.27   686.8  0.23  59.0   4.3 
08:51:51    17      4     41.9   0.20   711.8  0.26  59.0   4.1 
08:51:55    17      5     34.5   0.21   667.9  0.21  59.0   4.4 

Average of   5 readings
  Incident light:  654.6  Transmitted fraction:0.06   LAI:  4.2 

08:52:10    18      1     73.7   0.13   603.2  0.13  59.0   3.0 
08:52:16    18      2     46.8   0.26   593.4  0.11  59.0   3.8 
08:52:21    18      3     67.6   0.15   592.2  0.11  59.0   3.2 
08:52:26    18      4     77.8   0.22   587.9  0.10  59.0   2.9 
08:52:31    18      5     71.8   0.27   576.3  0.09  58.9   3.0 

Average of   5 readings
  Incident light:  590.6  Transmitted fraction:0.11   LAI:  3.2 

08:52:46    19      1     53.8   0.31   545.2  0.04  58.9   3.5 
08:52:51    19      2     33.1   0.26   544.0  0.04  58.9   4.3 
08:52:56    19      3     49.1   0.22   543.4  0.03  58.9   3.6 
08:53:01    19      4     77.7   0.42   547.0  0.04  58.9   2.9 
08:53:06    19      5     76.4   0.27   554.4  0.05  58.9   2.9 

Average of   5 readings
  Incident light:  546.8  Transmitted fraction:0.11   LAI:  3.4 

08:53:20    20      1     90.3   0.17   572.1  0.07  58.8   2.7 
08:53:26    20      2    135.0   0.23   595.2  0.10  58.8   2.1 
08:53:30    20      3    104.6   0.19   594.0  0.10  58.8   2.5 
08:53:35    20      4    153.2   0.18   584.3  0.08  58.8   1.8 
08:53:39    20      5    159.1   0.20   565.3  0.04  58.8   1.8 

Average of   5 readings
  Incident light:  582.2  Transmitted fraction:0.22   LAI:  2.2 

08:54:38    21      1     40.3   0.45   562.3  0.00  58.6   4.1 
08:54:44    21      2     18.8   0.46   567.2  0.01  58.6   5.5 
08:54:50    21      3     14.1   0.27   575.1  0.02  58.6   6.1 
08:54:55    21      4     20.6   0.49   586.1  0.03  58.6   5.3 
08:55:00    21      5      7.3   0.83   593.4  0.04  58.6   7.4 

Average of   5 readings
  Incident light:  576.8  Transmitted fraction:0.04   LAI:  5.7 

08:55:34    22      1     91.0   0.31   630.0  0.10  58.5   2.8 
08:55:40    22      2    137.1   0.35   612.9  0.08  58.5   2.1 
08:55:46    22      3    133.7   0.32   611.1  0.07  58.5   2.1 
08:55:52    22      4    127.0   0.22   603.2  0.06  58.5   2.2 
08:55:57    22      5    131.4   0.27   604.4  0.07  58.5   2.1 

Average of   5 readings
  Incident light:  612.3  Transmitted fraction:0.20   LAI:  2.3 

08:56:13    23      1     32.7   0.33   623.3  0.10  58.4   4.5 
08:56:18    23      2     31.6   0.49   612.9  0.09  58.4   4.6 
08:56:23    23      3     22.6   0.42   606.8  0.08  58.4   5.2 
08:56:28    23      4     16.7   0.30   605.0  0.08  58.4   5.7 
08:56:32    23      5     24.1   0.28   608.1  0.08  58.4   5.1 

Average of   5 readings
  Incident light:  611.2  Transmitted fraction:0.04   LAI:  5.0 

08:56:49    24      1     81.2   0.22   630.0  0.15  58.3   2.9 
08:56:54    24      2     74.1   0.14   659.9  0.16  58.3   3.1 
08:56:59    24      3     86.4   0.32   713.0  0.22  58.3   3.0 
08:57:05    24      4    100.8   0.21   733.8  0.24  58.3   2.8 
08:57:10    24      5     65.2   0.26   780.8  0.29  58.3   3.5 

Average of   5 readings
  Incident light:  703.5  Transmitted fraction:0.12   LAI:  3.1 

08:58:00    25      1     48.8   0.23   675.8  0.18  58.2   3.9 
08:58:05    25      2     51.4   0.21   694.1  0.20  58.2   3.8 
08:58:10    25      3     29.3   0.28   741.7  0.25  58.2   4.8 
08:58:16    25      4     32.8   0.25   743.0  0.25  58.1   4.6 
08:58:20    25      5     25.5   0.27   906.5  0.38  58.1   5.2 

Average of   5 readings
  Incident light:  752.2  Transmitted fraction:0.05   LAI:  4.5 

08:58:37    26      1     65.1   0.29  1378.3  0.58  58.1   4.1 
08:58:42    26      2     52.1   0.27  1357.0  0.58  58.1   4.4 
08:58:47    26      3     51.2   0.63  1059.7  0.46  58.1   4.2 
08:58:56    26      4     39.6   0.24   851.0  0.34  58.0   4.4 
08:59:01    26      5     49.7   0.33   733.2  0.23  58.0   3.9 

Average of   5 readings
  Incident light: 1075.8  Transmitted fraction:0.05   LAI:  4.2 

08:59:18    27      1    178.4   0.23   728.9  0.23  58.0   1.9 
08:59:23    27      2    215.8   0.17   689.8  0.18  58.0   1.5 
08:59:28    27      3    161.3   0.22   661.2  0.15  58.0   1.9 
08:59:32    27      4    135.6   0.14   619.0  0.09  58.0   2.1 
08:59:37    27      5    123.8   0.17   602.0  0.07  58.0   2.2 

Average of   5 readings
  Incident light:  660.2  Transmitted fraction:0.25   LAI:  1.9 

08:59:54    28      1     56.4   0.40   593.4  0.07  57.9   3.5 
08:59:59    28      2     40.8   0.31   600.1  0.08  57.9   4.1 
09:00:04    28      3     60.1   0.19   602.0  0.08  57.9   3.4 
09:00:09    28      4     46.2   0.23   606.2  0.09  57.9   3.9 
09:00:15    28      5     33.4   0.35   608.1  0.09  57.9   4.4 

Average of   5 readings
  Incident light:  602.0  Transmitted fraction:0.08   LAI:  3.9 

09:00:30    29      1    119.1   0.20   600.1  0.08  57.8   2.3 
09:00:34    29      2    107.8   0.19   609.3  0.09  57.8   2.5 
09:00:39    29      3    112.6   0.15   616.0  0.10  57.8   2.4 
09:00:44    29      4     74.8   0.21   649.0  0.14  57.8   3.1 
09:00:49    29      5     87.7   0.22   664.8  0.16  57.8   2.9 

Average of   5 readings
  Incident light:  627.8  Transmitted fraction:0.16   LAI:  2.6 

09:01:04    30      1     69.8   0.16   744.2  0.25  57.8   3.4 
09:01:09    30      2     58.2   0.26   678.3  0.17  57.7   3.6 
09:01:15    30      3     76.0   0.13   628.2  0.11  57.7   3.1 
09:01:19    30      4     78.0   0.25   605.0  0.07  57.7   3.0 
09:01:24    30      5     46.5   0.28   598.9  0.06  57.7   3.9 

Average of   5 readings
  Incident light:  650.9  Transmitted fraction:0.10   LAI:  3.4 

09:01:54    31      1     12.5   0.28   587.3  0.04  57.6   6.3 
09:02:02    31      2      6.7   0.67   589.1  0.04  57.6   7.6 
09:02:09    31      3      9.6   0.73   590.4  0.04  57.6   6.9 
09:02:14    31      4      8.9   0.55   592.2  0.04  57.6   7.0 
09:02:21    31      5      8.4   0.42   593.4  0.04  57.6   7.2 

Average of   5 readings
  Incident light:  590.5  Transmitted fraction:0.02   LAI:  7.0 

09:02:37    32      1     15.9   0.45   595.9  0.05  57.5   5.9 
09:02:44    32      2      9.1   0.38   603.2  0.06  57.5   7.0 
09:02:50    32      3     15.1   0.26   606.2  0.06  57.5   6.0 
09:02:55    32      4     10.5   0.46   614.2  0.07  57.5   6.7 
09:03:01    32      5     12.4   0.19   620.3  0.08  57.5   6.4 

Average of   5 readings
  Incident light:  608.0  Transmitted fraction:0.02   LAI:  6.4 

09:03:37    33      1     30.5   0.51   802.2  0.27  57.4   4.9 
09:03:42    33      2     40.0   0.33   970.6  0.40  57.4   4.6 
09:03:48    33      3     16.3   0.32   721.0  0.20  57.4   6.0 
09:03:53    33      4     14.4   0.31   656.3  0.12  57.4   6.1 
09:03:58    33      5     19.7   0.57   628.8  0.09  57.4   5.5 

Average of   5 readings
  Incident light:  755.8  Transmitted fraction:0.03   LAI:  5.4 

09:04:13    34      1    114.8   0.29   606.2  0.06  57.3   2.4 
09:04:18    34      2    126.3   0.15   602.0  0.06  57.3   2.2 
09:04:23    34      3    143.4   0.17   601.3  0.06  57.3   2.0 
09:04:28    34      4    103.2   0.15   600.1  0.06  57.3   2.5 
09:04:33    34      5    137.9   0.12   600.1  0.07  57.3   2.1 

Average of   5 readings
  Incident light:  601.9  Transmitted fraction:0.21   LAI:  2.2 

09:04:48    35      1     56.0   0.20   655.1  0.15  57.2   3.6 
09:04:53    35      2     48.5   0.19   667.3  0.17  57.2   3.9 
09:04:58    35      3     65.7   0.14   667.3  0.17  57.2   3.4 
09:05:05    35      4     54.9   0.30   623.3  0.12  57.2   3.6 
09:05:10    35      5     81.2   0.18   603.2  0.09  57.2   2.9 

Average of   5 readings
  Incident light:  643.2  Transmitted fraction:0.10   LAI:  3.5 

09:05:28    36      1     31.9   0.31   587.9  0.08  57.1   4.5 
09:05:33    36      2     50.0   0.22   584.3  0.08  57.1   3.7 
09:05:38    36      3     30.1   0.24   579.4  0.07  57.1   4.6 
09:05:43    36      4     65.4   0.20   576.3  0.07  57.1   3.2 
09:05:48    36      5     43.3   0.27   573.9  0.07  57.1   3.9 

Average of   5 readings
  Incident light:  580.4  Transmitted fraction:0.08   LAI:  4.0 

09:06:01    37      1     41.2   0.32   565.9  0.06  57.1   4.0 
09:06:06    37      2     39.8   0.12   564.1  0.06  57.1   4.0 
09:06:12    37      3     29.4   0.30   562.3  0.06  57.0   4.6 
09:06:17    37      4     36.1   0.13   560.5  0.06  57.0   4.2 
09:06:22    37      5     35.3   0.26   559.2  0.06  57.0   4.2 

Average of   5 readings
  Incident light:  562.4  Transmitted fraction:0.06   LAI:  4.2 

09:06:39    38      1     29.7   0.41   557.4  0.05  57.0   4.5 
09:06:45    38      2     33.0   0.44   555.0  0.05  57.0   4.4 
09:06:50    38      3     52.1   0.22   555.0  0.05  57.0   3.5 
09:07:00    38      4     31.0   0.36   555.0  0.04  56.9   4.5 
09:07:06    38      5     47.8   0.28   555.0  0.04  56.9   3.7 

Average of   5 readings
  Incident light:  555.5  Transmitted fraction:0.07   LAI:  4.1 

09:07:20    39      1    129.2   0.17   555.0  0.03  56.9   2.1 
09:07:26    39      2    128.3   0.21   554.4  0.03  56.9   2.1 
09:07:32    39      3    105.6   0.29   553.1  0.03  56.9   2.4 
09:07:37    39      4    108.8   0.20   553.1  0.03  56.8   2.3 
09:07:42    39      5    109.9   0.20   553.1  0.03  56.8   2.3 

Average of   5 readings
  Incident light:  553.7  Transmitted fraction:0.21   LAI:  2.2 

09:07:59    40      1     94.3   0.27   553.1  0.03  56.8   2.6 
09:08:04    40      2     99.2   0.19   551.9  0.03  56.8   2.5 
09:08:09    40      3     93.5   0.24   553.1  0.04  56.8   2.6 
09:08:13    40      4     98.6   0.20   554.4  0.05  56.8   2.5 
09:08:18    40      5     66.1   0.27   553.1  0.05  56.8   3.1 

Average of   5 readings
  Incident light:  553.1  Transmitted fraction:0.16   LAI:  2.6 

09:09:13    41      1     22.9   0.24   539.1  0.07  56.6   4.9 
09:09:19    41      2     48.9   0.25   539.1  0.07  56.6   3.6 
09:09:24    41      3     27.5   0.32   539.1  0.07  56.6   4.6 
09:09:29    41      4     43.4   0.25   529.9  0.05  56.6   3.8 
09:09:33    41      5     34.2   0.20   529.9  0.05  56.6   4.2 

Average of   5 readings
  Incident light:  535.4  Transmitted fraction:0.07   LAI:  4.2 

09:09:47    42      1     16.6   0.17   524.4  0.04  56.6   5.5 
09:09:52    42      2     27.9   0.15   524.4  0.04  56.5   4.6 
09:09:58    42      3     31.2   0.22   524.4  0.04  56.5   4.4 
09:10:02    42      4     26.6   0.38   524.4  0.04  56.5   4.7 
09:10:09    42      5     36.6   0.15   509.2  0.03  56.5   4.0 

Average of   5 readings
  Incident light:  521.4  Transmitted fraction:0.05   LAI:  4.6 

09:10:24    43      1     23.3   0.15   498.2  0.02  56.5   4.8 
09:10:29    43      2     28.0   0.21   498.2  0.02  56.5   4.5 
09:10:34    43      3     13.2   0.30   489.0  0.01  56.4   5.9 
09:10:40    43      4     13.5   0.17   489.0  0.01  56.4   5.8 
09:10:46    43      5     20.0   0.22   489.0  0.01  56.4   5.1 

Average of   5 readings
  Incident light:  492.7  Transmitted fraction:0.04   LAI:  5.2 

09:11:01    44      1     16.6   0.44   470.1  0.02  56.4   5.4 
09:11:06    44      2     14.9   0.43   467.1  0.02  56.4   5.6 
09:11:11    44      3     26.6   0.33   467.1  0.02  56.4   4.5 
09:11:18    44      4     17.0   0.21   464.0  0.02  56.3   5.3 
09:11:23    44      5     20.2   0.43   464.0  0.02  56.3   5.0 

Average of   5 readings
  Incident light:  466.5  Transmitted fraction:0.04   LAI:  5.1 

09:11:38    45      1     14.2   0.36   464.0  0.01  56.3   5.7 
09:11:46    45      2     12.9   0.61   464.0  0.01  56.3   5.8 
09:11:54    45      3      8.9   1.26   464.0  0.01  56.3   6.6 
09:12:00    45      4     13.2   0.47   464.0  0.01  56.2   5.8 
09:12:05    45      5     12.0   0.85   468.3  0.01  56.2   6.0 

Average of   5 readings
  Incident light:  464.9  Transmitted fraction:0.03   LAI:  6.0 

09:12:23    46      1    129.2   0.21   481.1  0.00  56.2   1.8 
09:12:29    46      2     93.1   0.17   477.4  0.00  56.2   2.4 
09:12:35    46      3     81.6   0.15   476.2  0.00  56.2   2.6 
09:12:40    46      4     94.7   0.15   477.4  0.00  56.2   2.3 
09:12:45    46      5    100.6   0.16   477.4  0.00  56.1   2.2 

Average of   5 readings
  Incident light:  477.9  Transmitted fraction:0.21   LAI:  2.3 

09:12:59    47      1     76.5   0.22   487.2  0.00  56.1   2.7 
09:13:06    47      2     48.3   0.28   490.3  0.00  56.1   3.5 
09:13:11    47      3    101.3   0.28   490.3  0.00  56.1   2.3 
09:13:17    47      4     80.3   0.14   490.3  0.00  56.1   2.6 
09:13:22    47      5     73.7   0.23   490.3  0.00  56.1   2.8 

Average of   5 readings
  Incident light:  489.7  Transmitted fraction:0.16   LAI:  2.8 

09:13:38    48      1     51.7   0.31   500.0  0.02  56.0   3.4 
09:13:42    48      2     37.1   0.25   506.1  0.03  56.0   4.0 
09:13:47    48      3     36.1   0.20   509.2  0.04  56.0   4.0 
09:13:52    48      4     51.4   0.19   511.0  0.04  56.0   3.4 
09:13:57    48      5     47.4   0.20   511.0  0.04  56.0   3.6 

Average of   5 readings
  Incident light:  507.5  Transmitted fraction:0.09   LAI:  3.7 

09:14:10    49      1     21.2   0.50   515.3  0.05  55.9   5.0 
09:14:16    49      2     46.6   0.16   516.5  0.05  55.9   3.6 
09:14:22    49      3     22.3   0.39   517.1  0.05  55.9   4.9 
09:14:28    49      4     31.4   0.22   517.1  0.05  55.9   4.3 
09:14:33    49      5     23.5   0.55   517.1  0.05  55.9   4.8 

Average of   5 readings
  Incident light:  516.6  Transmitted fraction:0.06   LAI:  4.5 

09:14:46    50      1     15.4   0.35   543.4  0.08  55.9   5.7 
09:14:52    50      2     31.7   0.29   543.4  0.08  55.9   4.4 
09:14:57    50      3     28.0   0.30   535.4  0.07  55.8   4.6 
09:15:03    50      4     19.0   0.29   536.0  0.08  55.8   5.3 
09:15:08    50      5     29.1   0.46   536.0  0.08  55.8   4.5 

Average of   5 readings
  Incident light:  538.8  Transmitted fraction:0.05   LAI:  4.9 

