Created by SunData for Windows Mobile v2.0.0.1

Title     :Sample Experiment
Location  :cauldshiel
Latitude  :55.88N   Longitude :3.83W
2017-06-12          Local time is GMT+1 Hrs
SunScan probe v1.02R (C) JGW 2004/01/19

Ext Sensor:BFS      Leaf Angle Distn Parameter: 1     Leaf Absorption : 0.85
Group   1 :

 Time     Plot   Sample Trans- Spread  Incid-  Beam Zenith  LAI Notes
                        mitted          ent    Frac Angle

11:04:22     1      1    347.0   0.04     0.2  0.00  40.6  -8.1 
11:04:27     1      2    367.4   0.04   351.7  0.03  40.5   0.0 
11:04:30     1      3    376.1   0.03   360.3  0.04  40.5   0.0 
11:04:31     1      4    384.0   0.03   360.3  0.04  40.5  -0.1 
11:04:34     1      5    392.2   0.03   371.2  0.04  40.5  -0.1 
11:04:36     1      6    401.1   0.03   384.7  0.04  40.5   0.0 
11:04:38     1      7    410.2   0.03   384.7  0.04  40.5  -0.1 
11:04:40     1      8    420.6   0.03   384.7  0.04  40.5  -0.1 
11:04:42     1      9    431.2   0.03   414.6  0.05  40.5   0.0 
11:04:44     1     10    442.1   0.03   432.3  0.05  40.5   0.0 
11:04:46     1     11    452.2   0.03   432.3  0.05  40.5  -0.1 
11:04:48     1     12    469.2   0.03   452.4  0.05  40.5   0.0 
11:04:51     1     13    482.7   0.03   474.4  0.05  40.5   0.0 
11:04:53     1     14    495.1   0.03   495.1  0.05  40.5   0.0 
11:04:56     1     15    515.2   0.03   512.2  0.05  40.5   0.0 
11:04:59     1     16    530.0   0.03   534.2  0.07  40.5   0.0 
11:05:01     1     17    546.2   0.03   534.2  0.07  40.5   0.0 
11:05:03     1     18    577.1   0.03   559.2  0.09  40.5   0.0 
11:05:06     1     19    664.0   0.02   605.0  0.17  40.5  -0.1 

Average of  19 readings
  Incident light:  423.4  Transmitted fraction:0.99   LAI: -0.5 

11:05:56     1      1     46.3   0.28   603.2  0.02  40.4   3.9 
11:06:01     1      2     41.3   0.32   627.0  0.04  40.4   4.2 
11:06:08     1      3     84.2   0.21   736.8  0.13  40.4   3.3 
11:06:14     1      4    187.8   0.37   975.5  0.31  40.4   2.5 
11:06:21     1      5    304.7   0.36  1190.3  0.42  40.3   2.0 

Average of   5 readings
  Incident light:  826.6  Transmitted fraction:0.14   LAI:  3.2 

11:06:37     2      1     56.4   0.48   854.0  0.26  40.3   4.3 
11:06:46     2      2     59.4   0.35   697.2  0.13  40.3   3.8 
11:06:53     2      3     59.7   0.18   642.9  0.10  40.3   3.6 
11:07:00     2      4     59.4   0.23   549.5  0.12  40.3   3.4 
11:07:07     2      5     82.8   0.31   538.5  0.09  40.3   2.8 

Average of   5 readings
  Incident light:  656.4  Transmitted fraction:0.10   LAI:  3.6 

11:07:28     3      1     31.9   0.35   587.9  0.07  40.2   4.6 
11:07:35     3      2     35.8   0.43   592.2  0.08  40.2   4.4 
11:07:42     3      3     38.5   0.24   586.1  0.06  40.2   4.2 
11:07:49     3      4     25.6   0.42   587.3  0.00  40.2   5.0 
11:07:55     3      5     43.7   0.29   631.9  0.05  40.2   4.1 

Average of   5 readings
  Incident light:  597.1  Transmitted fraction:0.06   LAI:  4.5 

11:08:13     4      1     34.2   0.40   524.4  0.03  40.1   4.2 
11:08:22     4      2     14.5   0.47   489.0  0.05  40.1   5.7 
11:08:30     4      3     25.7   0.34   467.1  0.02  40.1   4.5 
11:08:38     4      4     15.7   0.44   458.5  0.01  40.1   5.4 
11:08:46     4      5     20.6   0.29   458.5  0.01  40.1   4.9 

Average of   5 readings
  Incident light:  479.5  Transmitted fraction:0.05   LAI:  5.0 

11:09:03     5      1     48.9   0.38   477.4  0.04  40.1   3.4 
11:09:10     5      2     38.5   0.57   476.2  0.06  40.0   3.9 
11:09:18     5      3     91.5   0.31   509.2  0.03  40.0   2.5 
11:09:25     5      4     62.6   0.26   524.4  0.03  40.0   3.2 
11:09:31     5      5     98.4   0.34   523.2  0.03  40.0   2.4 

Average of   5 readings
  Incident light:  502.1  Transmitted fraction:0.13   LAI:  3.1 

11:09:48     6      1     44.7   0.51   595.2  0.04  40.0   4.0 
11:09:56     6      2    141.9   0.37   620.9  0.06  40.0   2.1 
11:10:03     6      3    118.9   0.50   661.8  0.05  40.0   2.5 
11:10:11     6      4    133.2   0.26   697.8  0.04  39.9   2.4 
11:10:17     6      5    123.1   0.22   736.8  0.02  39.9   2.6 

Average of   5 readings
  Incident light:  662.5  Transmitted fraction:0.17   LAI:  2.7 

11:10:36     7      1     54.1   0.28   819.9  0.11  39.9   4.2 
11:10:43     7      2     56.1   0.16   920.0  0.20  39.9   4.4 
11:10:53     7      3     56.5   0.66   843.7  0.13  39.9   4.2 
11:11:01     7      4     76.1   0.36  1050.6  0.31  39.9   4.1 
11:11:07     7      5    114.8   0.25   985.9  0.28  39.8   3.3 

Average of   5 readings
  Incident light:  924.0  Transmitted fraction:0.08   LAI:  4.1 

11:12:10     8      1     90.9   0.26   623.9  0.13  39.7   2.9 
11:12:18     8      2    188.6   0.44  1095.7  0.49  39.7   2.7 
11:12:23     8      3     91.6   0.30   593.4  0.19  39.7   2.8 
11:12:30     8      4    107.4   0.23   576.9  0.18  39.7   2.5 
11:12:35     8      5    100.0   0.17   565.9  0.16  39.7   2.6 

Average of   5 readings
  Incident light:  691.2  Transmitted fraction:0.17   LAI:  2.7 

11:12:52     9      1     10.6   0.72   539.1  0.09  39.7   6.5 
11:13:01     9      2     20.4   0.30   479.3  0.03  39.6   5.0 
11:13:09     9      3     15.9   0.49   432.3  0.02  39.6   5.3 
11:13:15     9      4     13.6   0.21   380.4  0.02  39.6   5.4 
11:13:23     9      5     16.8   0.19   357.2  0.03  39.6   4.8 

Average of   5 readings
  Incident light:  437.7  Transmitted fraction:0.04   LAI:  5.4 

11:13:41    10      1     13.4   0.37   348.7  0.03  39.6   5.2 
11:13:49    10      2      9.3   0.52   344.4  0.04  39.6   5.9 
11:13:58    10      3     26.8   0.24   340.7  0.04  39.6   3.9 
11:14:07    10      4     27.3   0.18   335.2  0.03  39.5   3.8 
11:14:13    10      5     20.6   0.29   334.6  0.02  39.5   4.3 

Average of   5 readings
  Incident light:  340.7  Transmitted fraction:0.06   LAI:  4.6 

11:15:03    11      1     27.6   0.21   317.5  0.05  39.4   3.7 
11:15:10    11      2     24.3   0.31   315.7  0.03  39.4   3.9 
11:15:16    11      3     28.1   0.42   309.6  0.01  39.4   3.6 
11:15:17    11      4     35.3   0.40   303.5  0.00  39.4   3.2 
11:15:29    11      5     17.3   0.30   288.2  0.00  39.4   4.4 
11:15:34    11      6     14.7   0.22   277.3  0.00  39.4   4.6 

Average of   6 readings
  Incident light:  302.0  Transmitted fraction:0.08   LAI:  3.9 

11:15:49    12      1     22.8   0.26   272.4  0.02  39.4   3.8 
11:15:55    12      2     19.5   0.19   279.7  0.02  39.4   4.1 
11:16:01    12      3     38.1   0.42   292.5  0.00  39.3   3.0 
11:16:07    12      4     37.1   0.23   309.6  0.00  39.3   3.2 
11:16:13    12      5     46.8   0.16   328.5  0.00  39.3   2.9 

Average of   5 readings
  Incident light:  296.5  Transmitted fraction:0.11   LAI:  3.4 

11:16:31    13      1     76.1   0.31   390.2  0.00  39.3   2.4 
11:16:37    13      2     66.8   0.29   413.4  0.02  39.3   2.7 
11:16:43    13      3     95.6   0.28   446.3  0.04  39.3   2.2 
11:16:49    13      4     84.6   0.25   478.1  0.05  39.3   2.5 
11:16:55    13      5    102.2   0.31   498.2  0.05  39.3   2.3 

Average of   5 readings
  Incident light:  445.2  Transmitted fraction:0.19   LAI:  2.4 

11:17:10    14      1     38.9   0.29   511.0  0.06  39.2   4.0 
11:17:16    14      2     36.5   0.24   502.5  0.05  39.2   4.1 
11:17:23    14      3     56.6   0.19   497.0  0.07  39.2   3.3 
11:17:30    14      4     55.9   0.23   475.0  0.05  39.2   3.2 
11:17:36    14      5     96.4   0.22   456.1  0.06  39.2   2.2 

Average of   5 readings
  Incident light:  488.3  Transmitted fraction:0.12   LAI:  3.4 

11:17:52    15      1     71.0   0.14   421.3  0.02  39.2   2.6 
11:17:58    15      2     87.0   0.18   415.2  0.01  39.1   2.2 
11:18:04    15      3    102.3   0.24   409.1  0.02  39.1   2.0 
11:18:10    15      4     96.8   0.14   405.4  0.02  39.1   2.0 
11:18:16    15      5     79.9   0.16   401.2  0.04  39.1   2.3 

Average of   5 readings
  Incident light:  410.4  Transmitted fraction:0.21   LAI:  2.2 

11:39:56    16      1     43.8   0.42     0.2  0.00  37.1  -5.8 
11:40:20    16      2     59.9   0.25   485.4  0.00  37.1   3.1 
11:40:30    16      3     68.5   0.44   506.1  0.04  37.0   3.0 
11:40:39    16      4     68.3   0.43   533.0  0.07  37.0   3.1 
11:40:48    16      5     34.6   0.30   548.2  0.05  37.0   4.3 

Average of   5 readings
  Incident light:  414.6  Transmitted fraction:0.09   LAI:  1.5 

11:41:07    17      1     63.7   0.42   571.4  0.04  37.0   3.3 
11:41:16    17      2     82.7   0.28   590.4  0.02  37.0   2.9 
11:41:25    17      3     77.2   0.45   604.4  0.03  37.0   3.1 
11:41:33    17      4     80.0   0.47   597.1  0.02  37.0   3.0 
11:41:43    17      5     88.0   0.35   584.3  0.01  36.9   2.8 

Average of   5 readings
  Incident light:  589.5  Transmitted fraction:0.13   LAI:  3.0 

11:42:09    18      1     63.6   0.35   539.1  0.00  36.9   3.2 
11:42:16    18      2     78.7   0.25   533.0  0.01  36.9   2.8 
11:42:24    18      3     61.0   0.28   529.3  0.00  36.9   3.2 
11:42:31    18      4     71.0   0.35   527.5  0.01  36.9   3.0 
11:42:40    18      5     86.0   0.17   555.0  0.03  36.9   2.7 

Average of   5 readings
  Incident light:  536.8  Transmitted fraction:0.13   LAI:  3.0 

11:43:14    19      1    235.6   0.52   874.8  0.24  36.8   1.9 
11:43:23    19      2    127.7   0.28   835.7  0.18  36.8   2.8 
11:43:32    19      3     97.6   0.21   592.2  0.07  36.8   2.7 
11:43:42    19      4     71.2   0.28   551.9  0.10  36.8   3.1 
11:43:52    19      5     60.5   0.28   537.3  0.08  36.8   3.3 

Average of   5 readings
  Incident light:  678.4  Transmitted fraction:0.17   LAI:  2.8 

11:44:10    20      1    140.5   0.32   553.1  0.05  36.7   2.0 
11:44:20    20      2    142.5   0.22   590.4  0.09  36.7   2.0 
11:44:28    20      3    129.1   0.26   649.0  0.16  36.7   2.4 
11:44:35    20      4    129.1   0.23   648.3  0.11  36.7   2.4 
11:44:46    20      5    170.3   0.16   590.4  0.08  36.7   1.8 

Average of   5 readings
  Incident light:  606.2  Transmitted fraction:0.24   LAI:  2.1 

11:45:34    21      1     66.8   0.21   593.4  0.07  36.6   3.3 
11:45:42    21      2     37.7   0.26   598.9  0.09  36.6   4.3 
11:45:50    21      3     43.0   0.44   608.1  0.07  36.6   4.1 
11:45:57    21      4     56.8   0.38   625.2  0.02  36.6   3.7 
11:46:04    21      5     22.5   0.59   615.4  0.00  36.6   5.3 

Average of   5 readings
  Incident light:  608.2  Transmitted fraction:0.07   LAI:  4.1 

11:46:23    22      1    141.1   0.24   594.0  0.03  36.6   2.1 
11:46:29    22      2    120.0   0.32   593.4  0.05  36.5   2.3 
11:46:37    22      3    134.0   0.43   576.9  0.08  36.5   2.1 
11:46:46    22      4    157.0   0.40   580.0  0.10  36.5   1.9 
11:46:53    22      5    135.5   0.27   573.3  0.08  36.5   2.1 

Average of   5 readings
  Incident light:  583.5  Transmitted fraction:0.24   LAI:  2.1 

11:47:07    23      1     44.2   0.39   522.0  0.04  36.5   3.8 
11:47:14    23      2     54.1   0.16   471.3  0.00  36.5   3.2 
11:47:21    23      3     18.9   0.42   429.2  0.00  36.5   5.0 
11:47:28    23      4     25.3   0.39   398.1  0.01  36.5   4.3 
11:47:37    23      5      9.6   0.35   369.4  0.03  36.5   6.0 

Average of   5 readings
  Incident light:  438.0  Transmitted fraction:0.07   LAI:  4.5 

11:47:57    24      1     40.8   0.16   362.7  0.06  36.4   3.3 
11:48:05    24      2     52.5   0.20   397.5  0.04  36.4   3.0 
11:48:13    24      3     67.4   0.15   423.1  0.04  36.4   2.7 
11:48:21    24      4     90.7   0.20   488.4  0.07  36.4   2.5 
11:48:31    24      5    129.1   0.31   572.1  0.10  36.4   2.2 

Average of   5 readings
  Incident light:  448.8  Transmitted fraction:0.16   LAI:  2.7 

11:48:47    25      1     86.1   0.37   686.8  0.17  36.4   3.2 
11:48:53    25      2    237.0   0.63  1939.2  0.69  36.4   3.4 
11:49:01    25      3     91.8   0.55  1020.7  0.38  36.3   3.8 
11:49:08    25      4    132.8   0.96  1263.6  0.47  36.3   3.6 
11:49:16    25      5     87.0   1.43  2083.3  0.67  36.3   5.3 

Average of   5 readings
  Incident light: 1398.7  Transmitted fraction:0.10   LAI:  3.9 

11:49:37    26      1     95.3   1.42  2018.6  0.72  36.3   5.1 
11:49:47    26      2    132.7   1.38  1983.2  0.74  36.3   4.5 
11:49:55    26      3    175.7   1.20  1928.3  0.74  36.3   4.0 
11:50:03    26      4    148.8   1.32  1949.6  0.74  36.3   4.3 
11:50:13    26      5    225.5   0.97  1996.6  0.73  36.2   3.6 

Average of   5 readings
  Incident light: 1975.3  Transmitted fraction:0.08   LAI:  4.3 

11:51:15    27      1    240.5   0.48   885.8  0.17  36.2   1.9 
11:51:21    27      2    677.8   0.53  1753.7  0.53  36.2   1.5 
11:51:27    27      3    715.9   0.78  2332.9  0.62  36.2   1.9 
11:51:33    27      4    539.5   0.74  2303.0  0.59  36.1   2.3 
11:51:40    27      5    343.3   0.50  2139.4  0.56  36.1   2.9 

Average of   5 readings
  Incident light: 1883.0  Transmitted fraction:0.27   LAI:  2.1 

11:51:59    28      1     76.7   0.95  1374.1  0.46  36.1   4.7 
11:52:07    28      2    191.5   1.13  1752.5  0.58  36.1   3.6 
11:52:17    28      3    254.1   0.91  2060.1  0.64  36.1   3.4 
11:52:27    28      4     76.2   0.17   780.8  0.06  36.1   3.5 
11:52:37    28      5     65.9   0.30   868.1  0.14  36.1   4.0 

Average of   5 readings
  Incident light: 1367.1  Transmitted fraction:0.09   LAI:  3.9 

11:52:53    29      1    272.2   0.45   796.7  0.09  36.0   1.5 
11:53:02    29      2    492.9   0.77  2128.4  0.64  36.0   2.3 
11:53:08    29      3    437.6   0.65  2075.3  0.63  36.0   2.5 
11:53:13    29      4    416.7   0.75  2298.7  0.66  36.0   2.8 
11:53:20    29      5    327.1   0.66  2257.8  0.64  36.0   3.1 

Average of   5 readings
  Incident light: 1911.4  Transmitted fraction:0.22   LAI:  2.5 

11:53:39    30      1    102.1   0.23   777.7  0.00  36.0   3.0 
11:53:48    30      2    110.6   0.22   738.1  0.00  36.0   2.8 
11:53:56    30      3    212.6   0.48   771.6  0.04  36.0   1.8 
11:54:04    30      4    304.9   0.65  1499.8  0.48  35.9   2.5 
11:54:12    30      5    328.4   0.65  2094.3  0.60  35.9   3.0 

Average of   5 readings
  Incident light: 1176.3  Transmitted fraction:0.18   LAI:  2.6 

11:55:02    31      1     80.3   0.56  2243.2  0.53  35.9   5.5 
11:55:08    31      2     47.8   0.65  2406.8  0.56  35.9   6.6 
11:55:14    31      3     57.4   0.81  2442.8  0.56  35.9   6.3 
11:55:21    31      4     63.8   0.93  1502.8  0.31  35.9   5.2 
11:55:27    31      5     70.9   0.78  2110.1  0.51  35.8   5.7 

Average of   5 readings
  Incident light: 2141.1  Transmitted fraction:0.03   LAI:  5.9 

11:55:44    32      1     69.9   0.56  1854.4  0.46  35.8   5.4 
11:55:52    32      2     33.8   0.55  1060.3  0.08  35.8   5.6 
11:56:00    32      3     46.8   0.87  1103.7  0.13  35.8   5.1 
11:56:09    32      4     54.5   0.57  2043.6  0.54  35.8   6.1 
11:56:18    32      5     70.5   0.38  1878.8  0.51  35.8   5.5 

Average of   5 readings
  Incident light: 1588.2  Transmitted fraction:0.04   LAI:  5.5 

11:56:30    33      1     88.7   0.42  1936.2  0.50  35.8   5.1 
11:56:34    33      2    125.5   0.67  2111.4  0.55  35.8   4.7 
11:56:39    33      3    120.3   0.38  2111.4  0.55  35.8   4.7 
11:56:44    33      4    155.6   1.06  2111.4  0.55  35.7   4.3 
11:56:50    33      5     81.0   0.62  1838.5  0.51  35.7   5.2 

Average of   5 readings
  Incident light: 2021.8  Transmitted fraction:0.06   LAI:  4.8 

11:57:05    34      1    258.8   0.36  1307.5  0.35  35.7   2.5 
11:57:14    34      2    248.0   0.25  1112.2  0.23  35.7   2.2 
11:57:22    34      3    263.9   0.26  1117.7  0.22  35.7   2.1 
11:57:30    34      4    251.4   0.26   998.7  0.14  35.7   2.0 
11:57:37    34      5    234.2   0.42  1084.7  0.20  35.7   2.3 

Average of   5 readings
  Incident light: 1124.2  Transmitted fraction:0.22   LAI:  2.2 

11:57:47    35      1    138.9   0.26  1017.6  0.14  35.7   3.0 
11:57:52    35      2    115.6   0.17  1027.4  0.14  35.7   3.3 
11:57:57    35      3    102.8   0.31   996.9  0.13  35.7   3.5 
11:58:02    35      4    109.8   0.20   957.8  0.10  35.7   3.3 
11:58:08    35      5    115.4   0.18   927.9  0.10  35.6   3.2 

Average of   5 readings
  Incident light:  985.5  Transmitted fraction:0.12   LAI:  3.3 

11:58:23    36      1    112.1   0.30   873.0  0.13  35.6   3.1 
11:58:29    36      2     75.7   0.46   769.8  0.07  35.6   3.5 
11:58:36    36      3     63.9   0.22   769.8  0.07  35.6   3.8 
11:58:43    36      4     37.2   0.39   616.0  0.01  35.6   4.4 
11:58:49    36      5     42.8   0.50   573.9  0.00  35.6   4.0 

Average of   5 readings
  Incident light:  720.5  Transmitted fraction:0.09   LAI:  3.8 

11:59:01    37      1     50.9   0.39   534.2  0.01  35.6   3.6 
11:59:07    37      2     41.0   0.45   531.2  0.02  35.6   3.9 
11:59:15    37      3     52.2   0.29   537.3  0.01  35.6   3.5 
11:59:21    37      4     64.1   0.28   556.2  0.00  35.6   3.2 
11:59:27    37      5     61.6   0.26   556.2  0.00  35.5   3.3 

Average of   5 readings
  Incident light:  543.0  Transmitted fraction:0.10   LAI:  3.5 

11:59:42    38      1    109.0   0.22   696.0  0.03  35.5   2.7 
11:59:50    38      2     54.3   0.33   686.2  0.03  35.5   3.9 
11:59:58    38      3     81.3   0.33   636.1  0.02  35.5   3.1 
12:00:05    38      4     58.6   0.24   620.9  0.01  35.5   3.6 
12:00:12    38      5     65.0   0.40   595.2  0.03  35.5   3.3 

Average of   5 readings
  Incident light:  646.9  Transmitted fraction:0.11   LAI:  3.3 

12:00:24    39      1    198.9   0.29   672.8  0.15  35.5   1.7 
12:00:30    39      2    173.8   0.22   678.9  0.16  35.5   2.0 
12:00:35    39      3    188.2   0.30   703.3  0.16  35.5   1.9 
12:00:41    39      4    206.7   0.30   741.1  0.18  35.5   1.9 
12:00:46    39      5    162.9   0.21   797.9  0.20  35.5   2.4 

Average of   5 readings
  Incident light:  718.8  Transmitted fraction:0.26   LAI:  2.0 

12:01:03    40      1    152.1   0.40   775.9  0.11  35.4   2.4 
12:01:09    40      2    135.8   0.18   724.0  0.05  35.4   2.4 
12:01:16    40      3    142.5   0.26   710.0  0.07  35.4   2.3 
12:01:23    40      4    144.3   0.19   722.2  0.14  35.4   2.4 
12:01:31    40      5     94.1   0.21   637.4  0.05  35.4   2.8 

Average of   5 readings
  Incident light:  713.9  Transmitted fraction:0.19   LAI:  2.5 

12:02:07    41      1     54.1   0.30   592.2  0.09  35.4   3.7 
12:02:12    41      2     67.8   0.33   592.2  0.09  35.4   3.3 
12:02:17    41      3     90.7   0.33   750.9  0.29  35.3   3.3 
12:02:22    41      4     72.6   0.32   750.9  0.29  35.3   3.7 
12:02:27    41      5     65.0   0.16   750.9  0.29  35.3   3.9 

Average of   5 readings
  Incident light:  687.4  Transmitted fraction:0.10   LAI:  3.6 

12:02:40    42      1     45.8   0.48   553.1  0.04  35.3   3.8 
12:02:46    42      2     45.6   0.31   553.1  0.04  35.3   3.8 
12:02:53    42      3     37.0   0.44   553.1  0.04  35.3   4.2 
12:03:00    42      4     27.2   0.40   524.4  0.01  35.3   4.7 
12:03:07    42      5     27.2   0.43   495.1  0.04  35.3   4.6 

Average of   5 readings
  Incident light:  535.8  Transmitted fraction:0.07   LAI:  4.2 

12:03:20    43      1     24.7   0.29   468.3  0.07  35.3   4.7 
12:03:25    43      2     21.8   0.44   468.3  0.07  35.3   4.9 
12:03:31    43      3     36.0   0.54   468.3  0.07  35.3   4.0 
12:03:36    43      4     35.3   0.28     0.2  0.00  35.3  -5.6 
12:03:55    43      5     29.3   0.37   542.1  0.00  35.2   4.6 

Average of   5 readings
  Incident light:  389.4  Transmitted fraction:0.05   LAI:  2.5 

12:04:13    44      1     33.6   0.50   617.8  0.01  35.2   4.6 
12:04:20    44      2     35.6   0.36   617.8  0.01  35.2   4.5 
12:04:26    44      3     39.4   0.24   714.3  0.07  35.2   4.6 
12:04:33    44      4     86.5   0.33   760.7  0.11  35.2   3.3 
12:04:41    44      5     33.6   0.42   807.0  0.14  35.2   5.1 

Average of   5 readings
  Incident light:  703.5  Transmitted fraction:0.06   LAI:  4.4 

12:05:03    45      1     43.5   0.48   880.9  0.17  35.2   4.8 
12:05:08    45      2     46.2   0.51  1114.7  0.34  35.2   5.2 
12:05:15    45      3     29.9   0.65  1114.7  0.34  35.1   6.0 
12:05:21    45      4     54.7   0.43  1114.7  0.34  35.1   4.9 
12:05:29    45      5     39.2   0.38   882.7  0.14  35.1   5.0 

Average of   5 readings
  Incident light: 1021.5  Transmitted fraction:0.04   LAI:  5.2 

12:05:46    46      1    148.0   0.33   766.1  0.02  35.1   2.4 
12:05:54    46      2    134.1   0.32   766.1  0.02  35.1   2.5 
12:06:01    46      3    131.3   0.28   782.6  0.07  35.1   2.6 
12:06:09    46      4    157.5   0.27   785.1  0.07  35.1   2.3 
12:06:17    46      5    214.5   0.22   782.0  0.06  35.1   1.8 

Average of   5 readings
  Incident light:  776.4  Transmitted fraction:0.20   LAI:  2.3 

12:06:28    47      1    125.4   0.26   771.6  0.09  35.1   2.7 
12:06:34    47      2    118.9   0.25   730.7  0.06  35.1   2.7 
12:06:45    47      3    124.4   0.20   730.7  0.06  35.0   2.6 
12:06:50    47      4    102.3   0.16   628.8  0.04  35.0   2.7 
12:06:56    47      5     98.4   0.29   628.8  0.04  35.0   2.7 

Average of   5 readings
  Incident light:  698.1  Transmitted fraction:0.16   LAI:  2.7 

12:07:18    48      1     59.7   0.22   572.1  0.04  35.0   3.4 
12:07:29    48      2     66.7   0.26   573.9  0.03  35.0   3.2 
12:07:36    48      3     52.3   0.22   537.3  0.04  35.0   3.5 
12:07:44    48      4     45.9   0.46   518.3  0.05  35.0   3.7 
12:07:52    48      5     57.6   0.18   518.3  0.04  35.0   3.3 

Average of   5 readings
  Incident light:  544.0  Transmitted fraction:0.10   LAI:  3.4 

12:08:06    49      1     41.4   0.42   606.2  0.00  35.0   4.2 
12:08:12    49      2     55.0   0.40   642.2  0.03  35.0   3.8 
12:08:18    49      3    101.1   0.34   700.2  0.08  34.9   2.9 
12:08:25    49      4     76.2   0.47   700.2  0.08  34.9   3.4 
12:08:36    49      5     78.7   0.27  1149.4  0.34  34.9   4.3 

Average of   5 readings
  Incident light:  759.6  Transmitted fraction:0.10   LAI:  3.7 

12:08:51    50      1     94.0   0.47  1325.2  0.46  34.9   4.3 
12:08:58    50      2     62.5   0.56  1325.2  0.46  34.9   5.1 
12:09:05    50      3     59.4   0.43   721.0  0.15  34.9   3.9 
12:09:12    50      4     54.6   0.75   642.2  0.06  34.9   3.8 
12:09:21    50      5     41.3   0.47   653.2  0.04  34.9   4.3 

Average of   5 readings
  Incident light:  933.4  Transmitted fraction:0.07   LAI:  4.3 

