Created by SunData for Windows Mobile v2.0.0.1

Title     :Sample Experiment
Location  :cauldshiels
Latitude  :55.88N   Longitude :2.83W
2017-05-30          Local time is GMT+1 Hrs
SunScan probe v1.02R (C) JGW 2004/01/19

Ext Sensor:BFS      Leaf Angle Distn Parameter: 1     Leaf Absorption : 0.85
Group   1 :

 Time     Plot   Sample Trans- Spread  Incid-  Beam Zenith  LAI Notes
                        mitted          ent    Frac Angle

09:58:01     1      1    285.1   0.04     0.2  0.00  48.8  -7.9 
09:58:08     1      2    284.6   0.04     0.2  0.00  48.8  -7.8 
09:58:19     1      3    283.3   0.04     0.2  0.00  48.8  -7.8 
09:58:22     1      4    283.4   0.04     0.2  0.00  48.8  -7.8 
09:58:27     1      5    283.6   0.04     0.2  0.00  48.8  -7.8 
09:59:26     1      6    271.4   0.03     0.2  0.00  48.7  -7.8 
09:59:29     1      7    271.9   0.03     0.2  0.00  48.7  -7.8 
09:59:33     1      8    274.5   0.03     0.2  0.00  48.6  -7.8 
11:18:24     1      9    510.3   0.06     0.2  0.00  39.7  -8.5 
11:18:29     1     10    517.6   0.06     0.2  0.00  39.7  -8.5 
11:18:38     1     11    527.9   0.06     0.2  0.00  39.7  -8.5 
11:19:44     1     12    566.6   0.07     0.2  0.00  39.6  -8.6 
11:19:50     1     13    587.3   0.06     0.2  0.00  39.6  -8.6 
11:21:58     1     14    697.4   0.05     0.2  0.00  39.4  -8.8 
11:22:12     1     15    701.7   0.04     0.2  0.00  39.4  -8.8 
11:22:16     1     16    710.9   0.04     0.2  0.00  39.4  -8.8 
11:30:09     1     17    826.9   0.03     0.2  0.00  38.6  -9.0 
11:30:15     1     18    831.7   0.03     0.2  0.00  38.6  -9.0 
11:30:21     1     19    838.1   0.03     0.2  0.00  38.6  -9.0 
11:31:09     1     20    838.6   0.04     0.2  0.00  38.6  -9.0 
11:31:21     1     21    839.7   0.04     0.2  0.00  38.5  -9.0 
11:31:40     1     22    849.9   0.03     0.2  0.00  38.5  -9.0 
11:34:09     1     23    949.8   0.04     0.2  0.00  38.3  -9.2 
11:34:18     1     24   1031.6   0.03     0.2  0.00  38.3  -9.2 
11:34:23     1     25   1077.4   0.03     0.2  0.00  38.3  -9.3 
11:35:03     1     26    998.0   0.04     0.2  0.00  38.2  -9.2 
11:37:00     1     27   1013.7   0.03     0.2  0.00  38.1  -9.2 
11:37:04     1     28    990.7   0.03     0.2  0.00  38.1  -9.2 
11:37:11     1     29   1066.2   0.03     0.2  0.00  38.0  -9.3 
11:38:37     1     30   1073.5   0.03     0.2  0.00  37.9  -9.3 
11:38:51     1     31   1069.6   0.03     0.2  0.00  37.9  -9.3 
11:39:13     1     32   1018.7   0.05     0.2  0.00  37.9  -9.2 
11:39:25     1     33   1004.1   0.03  1054.8  0.00  37.9   0.1 
11:39:29     1     34   1044.9   0.03  1053.6  0.00  37.9   0.0 
11:41:34     1     35    914.3   0.05  1063.4  0.01  37.7   0.2 
11:41:36     1     36    967.3   0.04  1063.4  0.01  37.7   0.1 
11:41:38     1     37    990.4   0.03  1067.7  0.01  37.7   0.1 
11:41:40     1     38   1001.7   0.03  1067.7  0.01  37.7   0.1 
11:41:41     1     39    997.5   0.03  1075.6  0.02  37.7   0.1 

Average of  39 readings
  Incident light:  191.1  Transmitted fraction:0.17   LAI: -7.1 

11:42:00     1      1    105.9   0.36  1058.5  0.02  37.7   3.5 
11:42:06     1      2    132.3   0.30  1048.7  0.01  37.7   3.1 
11:42:11     1      3    127.0   0.44  1045.7  0.01  37.6   3.1 
11:42:17     1      4    236.8   0.35  1049.3  0.02  37.6   2.1 
11:42:24     1      5    240.3   0.25  1050.6  0.03  37.6   2.1 

Average of   5 readings
  Incident light: 1050.6  Transmitted fraction:0.16   LAI:  2.8 

11:42:38     2      1     75.5   0.24  1033.5  0.01  37.6   4.0 
11:42:45     2      2    104.3   0.37  1029.8  0.01  37.6   3.5 
11:42:52     2      3    152.7   0.26  1025.5  0.02  37.6   2.8 
11:42:59     2      4    157.5   0.30  1022.5  0.02  37.6   2.7 
11:43:06     2      5    158.3   0.27  1018.8  0.02  37.6   2.7 

Average of   5 readings
  Incident light: 1026.0  Transmitted fraction:0.13   LAI:  3.2 

11:43:19     3      1     78.3   0.29  1005.4  0.02  37.6   3.9 
11:43:29     3      2     83.2   0.26   993.8  0.01  37.5   3.8 
11:43:36     3      3    102.7   0.22   988.9  0.01  37.5   3.4 
11:43:43     3      4     58.1   0.30   984.6  0.01  37.5   4.4 
11:43:50     3      5    114.0   0.34   983.4  0.01  37.5   3.2 

Average of   5 readings
  Incident light:  991.2  Transmitted fraction:0.09   LAI:  3.8 

11:44:06     4      1     43.9   0.31   988.9  0.02  37.5   5.0 
11:44:13     4      2     74.2   0.32   992.6  0.03  37.5   4.0 
11:44:20     4      3     55.7   0.34  1009.7  0.05  37.5   4.6 
11:44:28     4      4     50.7   0.45  1003.6  0.05  37.5   4.7 
11:44:34     4      5    106.6   0.30  1025.5  0.07  37.5   3.4 

Average of   5 readings
  Incident light: 1004.1  Transmitted fraction:0.07   LAI:  4.3 

11:45:24     5      1     97.6   0.54  1028.6  0.05  37.4   3.6 
11:45:33     5      2    244.7   0.28  1010.9  0.04  37.4   2.0 
11:45:41     5      3    193.2   0.29  1008.5  0.03  37.4   2.4 
11:45:47     5      4    119.6   0.32  1008.5  0.03  37.4   3.2 
11:45:54     5      5    245.7   0.34  1030.4  0.05  37.4   2.1 

Average of   5 readings
  Incident light: 1017.4  Transmitted fraction:0.18   LAI:  2.7 

11:46:11     6      1     80.2   0.58  1031.6  0.04  37.3   3.9 
11:46:19     6      2    147.4   0.39  1025.5  0.04  37.3   2.9 
11:46:26     6      3    138.4   0.29  1029.8  0.04  37.3   3.0 
11:46:33     6      4    213.3   0.33  1053.6  0.06  37.3   2.3 
11:46:41     6      5    156.0   0.25  1062.8  0.07  37.3   2.9 

Average of   5 readings
  Incident light: 1040.7  Transmitted fraction:0.14   LAI:  3.0 

11:47:00     7      1     88.2   0.51  1057.3  0.07  37.3   3.8 
11:47:08     7      2     73.4   0.29  1045.7  0.07  37.3   4.1 
11:47:14     7      3    111.3   0.33  1052.4  0.07  37.3   3.4 
11:47:22     7      4    113.9   0.25  1049.3  0.08  37.2   3.4 
11:47:28     7      5    133.9   0.57  1059.7  0.09  37.2   3.1 

Average of   5 readings
  Incident light: 1052.9  Transmitted fraction:0.10   LAI:  3.6 

11:47:42     8      1    183.4   0.53  1130.5  0.16  37.2   2.7 
11:47:50     8      2    268.8   0.29  1183.6  0.20  37.2   2.2 
11:47:59     8      3    193.9   0.49  1294.1  0.27  37.2   2.9 
11:48:05     8      4    189.9   0.44  1322.2  0.29  37.2   3.0 
11:48:11     8      5    249.6   0.47  1309.4  0.28  37.2   2.5 

Average of   5 readings
  Incident light: 1248.0  Transmitted fraction:0.17   LAI:  2.7 

11:48:26     9      1     58.7   0.58  1485.1  0.36  37.2   5.3 
11:48:33     9      2     89.4   0.52  1771.4  0.46  37.2   4.9 
11:48:40     9      3     85.6   0.58  1555.9  0.39  37.2   4.7 
11:48:47     9      4     82.2   0.41  1331.3  0.29  37.1   4.4 
11:48:52     9      5    100.2   0.54  1321.0  0.29  37.1   4.1 

Average of   5 readings
  Incident light: 1492.9  Transmitted fraction:0.06   LAI:  4.7 

11:49:11    10      1     56.4   0.61  1206.2  0.23  37.1   4.9 
11:49:17    10      2     57.8   0.45  1236.1  0.26  37.1   4.9 
11:49:24    10      3    113.9   0.52  1238.6  0.26  37.1   3.7 
11:49:31    10      4    117.7   0.36  1312.4  0.31  37.1   3.8 
11:49:36    10      5    164.4   0.92  1425.9  0.37  37.1   3.4 

Average of   5 readings
  Incident light: 1283.8  Transmitted fraction:0.08   LAI:  4.2 

11:50:25    11      1    102.8   0.56  1466.8  0.42  37.0   4.3 
11:50:53    11      2    135.2   0.75  1425.3  0.44  37.0   3.8 
11:51:04    11      3    121.0   0.76  1549.2  0.51  37.0   4.1 
11:51:13    11      4    174.6   0.92  1545.0  0.51  37.0   3.5 
11:51:30    11      5    147.4   1.09  1816.6  0.59  36.9   4.1 

Average of   5 readings
  Incident light: 1560.6  Transmitted fraction:0.09   LAI:  3.9 

11:51:54    12      1    270.2   0.77  1725.6  0.56  36.9   3.0 
11:52:03    12      2    236.4   0.85  1886.7  0.59  36.9   3.3 
11:52:10    12      3    602.0   0.67  1783.6  0.57  36.9   1.7 
11:52:17    12      4    440.8   0.65  1838.5  0.58  36.9   2.3 
11:52:24    12      5    270.1   0.59  1722.6  0.55  36.9   3.0 

Average of   5 readings
  Incident light: 1791.4  Transmitted fraction:0.20   LAI:  2.6 

11:52:44    13      1    284.5   0.94  2047.3  0.62  36.9   3.2 
11:52:52    13      2    353.1   0.86  1927.6  0.60  36.8   2.7 
11:53:01    13      3    353.8   0.81  1875.8  0.59  36.8   2.7 
11:53:12    13      4    419.7   0.83  2224.3  0.65  36.8   2.7 
11:53:21    13      5    372.0   0.86  2212.1  0.65  36.8   2.9 

Average of   5 readings
  Incident light: 2057.4  Transmitted fraction:0.17   LAI:  2.8 

11:54:11    14      1    162.9   0.93  2154.1  0.66  36.8   4.2 
11:54:19    14      2    138.2   1.08  2151.0  0.66  36.7   4.5 
11:54:27    14      3    297.5   1.22  2155.3  0.66  36.7   3.2 
11:54:34    14      4    407.5   0.87  2148.0  0.67  36.7   2.7 
11:54:42    14      5    290.1   0.94  2144.3  0.67  36.7   3.3 

Average of   5 readings
  Incident light: 2150.5  Transmitted fraction:0.12   LAI:  3.6 

11:55:06    15      1    671.9   0.77  2127.2  0.67  36.7   1.8 
11:55:14    15      2    648.7   0.77  2100.4  0.67  36.7   1.9 
11:55:23    15      3    762.7   0.69  2117.5  0.68  36.7   1.6 
11:55:32    15      4    576.5   0.81  2133.9  0.69  36.7   2.1 
11:55:50    15      5    245.5   0.67  1670.7  0.60  36.6   3.1 

Average of   5 readings
  Incident light: 2029.9  Transmitted fraction:0.28   LAI:  2.1 

11:56:04    16      1    203.8   0.70   890.0  0.24  36.6   2.2 
11:56:13    16      2    162.3   0.57  1142.7  0.39  36.6   3.1 
11:56:22    16      3    261.4   0.83  2124.2  0.66  36.6   3.4 
11:56:30    16      4    476.8   1.13  2079.0  0.65  36.6   2.4 
11:56:38    16      5    408.5   0.98  2083.3  0.65  36.6   2.6 

Average of   5 readings
  Incident light: 1663.8  Transmitted fraction:0.18   LAI:  2.7 

11:57:00    17      1    121.6   0.68  2069.2  0.67  36.6   4.7 
11:57:07    17      2    169.1   0.83  1235.5  0.49  36.6   3.2 
11:57:14    17      3    216.3   0.75  2009.4  0.68  36.5   3.7 
11:57:25    17      4    306.8   0.78  2033.2  0.68  36.5   3.1 
11:57:37    17      5    521.0   0.91  2024.1  0.67  36.5   2.2 

Average of   5 readings
  Incident light: 1874.3  Transmitted fraction:0.14   LAI:  3.4 

11:58:18    18      1    280.0   0.94  1994.2  0.66  36.5   3.2 
11:58:27    18      2    362.5   0.92  2071.1  0.68  36.5   2.8 
11:58:34    18      3    352.4   0.81  2076.6  0.68  36.5   2.9 
11:58:41    18      4    448.8   0.91  2078.4  0.68  36.4   2.5 
11:58:49    18      5    501.7   0.70  2077.2  0.68  36.4   2.3 

Average of   5 readings
  Incident light: 2059.5  Transmitted fraction:0.19   LAI:  2.7 

11:59:08    19      1    440.6   0.74  2183.4  0.70  36.4   2.6 
11:59:17    19      2    305.7   0.73  1701.8  0.61  36.4   2.8 
11:59:27    19      3    125.7   0.28   833.9  0.21  36.4   2.9 
11:59:36    19      4    115.6   0.47   824.1  0.15  36.4   3.0 
11:59:44    19      5    352.9   0.81  2223.1  0.66  36.4   3.0 

Average of   5 readings
  Incident light: 1553.3  Transmitted fraction:0.17   LAI:  2.8 

11:59:58    20      1    793.1   0.56  2131.5  0.63  36.4   1.6 
12:00:05    20      2    480.7   0.70  1987.5  0.61  36.4   2.3 
12:00:13    20      3    201.4   0.58  2148.0  0.64  36.3   3.9 
12:00:20    20      4    391.9   0.61  2101.0  0.64  36.3   2.7 
12:00:27    20      5    304.5   0.50  1785.4  0.59  36.3   2.8 

Average of   5 readings
  Incident light: 2030.7  Transmitted fraction:0.21   LAI:  2.6 

12:01:17    21      1    206.1   0.84  1708.5  0.56  36.3   3.4 
12:01:19    21      2    163.1   0.63  1708.5  0.56  36.3   3.8 
12:01:35    21      3     70.3   0.25   905.9  0.15  36.3   4.0 
12:01:43    21      4     72.0   0.48   923.0  0.20  36.3   4.0 
12:01:51    21      5     23.7   0.58   859.5  0.16  36.2   5.9 

Average of   5 readings
  Incident light: 1221.1  Transmitted fraction:0.08   LAI:  4.2 

12:02:12    22      1    216.0   0.26   655.1  0.03  36.2   1.5 
12:02:21    22      2    193.0   0.31   655.1  0.04  36.2   1.7 
12:02:30    22      3    194.1   0.35   696.0  0.05  36.2   1.8 
12:02:39    22      4    424.2   0.63  1994.2  0.64  36.2   2.5 
12:02:47    22      5    401.4   0.58  1656.0  0.56  36.2   2.2 

Average of   5 readings
  Incident light: 1131.3  Transmitted fraction:0.27   LAI:  2.0 

12:03:18    23      1    177.6   0.62  1598.1  0.53  36.2   3.5 
12:03:27    23      2    153.3   1.01  2047.3  0.64  36.1   4.3 
12:03:34    23      3    144.7   0.77  2058.3  0.65  36.1   4.4 
12:03:41    23      4    177.2   0.59  1905.7  0.62  36.1   3.9 
12:03:47    23      5    232.6   1.29  1994.2  0.64  36.1   3.5 

Average of   5 readings
  Incident light: 1920.7  Transmitted fraction:0.09   LAI:  3.9 

12:04:08    24      1    512.9   0.63  1940.5  0.66  36.1   2.1 
12:04:14    24      2    400.6   0.80  1948.4  0.67  36.1   2.6 
12:04:21    24      3    312.3   0.93  1941.7  0.68  36.1   3.0 
12:04:30    24      4    246.0   0.80  1901.4  0.67  36.1   3.3 
12:04:37    24      5    196.4   0.63  1502.8  0.61  36.1   3.3 

Average of   5 readings
  Incident light: 1847.0  Transmitted fraction:0.18   LAI:  2.9 

12:04:51    25      1    262.9   0.92  1823.9  0.68  36.1   3.2 
12:04:59    25      2    177.1   1.11  1776.9  0.68  36.0   3.8 
12:05:06    25      3    148.3   0.90  1792.8  0.69  36.0   4.1 
12:05:16    25      4    143.8   1.28  1769.6  0.70  36.0   4.2 
12:05:24    25      5    194.5   1.23  1782.4  0.71  36.0   3.7 

Average of   5 readings
  Incident light: 1789.1  Transmitted fraction:0.10   LAI:  3.8 

12:05:41    26      1    190.9   1.09  1879.4  0.73  36.0   3.8 
12:05:49    26      2    233.9   0.95  1855.6  0.74  36.0   3.4 
12:05:56    26      3    272.7   1.06  1875.8  0.74  36.0   3.2 
12:06:02    26      4    177.0   1.08  1889.8  0.75  36.0   3.9 
12:06:09    26      5    243.4   1.32  1889.8  0.75  36.0   3.4 

Average of   5 readings
  Incident light: 1878.1  Transmitted fraction:0.12   LAI:  3.5 

12:06:27    27      1    587.0   0.71  1852.6  0.75  36.0   1.9 
12:06:34    27      2    724.0   0.63  1839.8  0.75  36.0   1.5 
12:06:40    27      3    602.0   0.68  1849.5  0.76  35.9   1.8 
12:06:46    27      4    344.5   0.88  1849.5  0.76  35.9   2.8 
12:06:52    27      5    462.9   0.84  1836.7  0.76  35.9   2.3 

Average of   5 readings
  Incident light: 1845.6  Transmitted fraction:0.29   LAI:  2.0 

12:07:06    28      1    245.4   0.94  1834.9  0.76  35.9   3.3 
12:07:12    28      2    360.2   1.08  1835.5  0.76  35.9   2.7 
12:07:18    28      3    391.8   0.75  1678.0  0.75  35.9   2.4 
12:07:25    28      4    208.1   1.10  1850.7  0.77  35.9   3.6 
12:07:33    28      5     89.2   0.91  1879.4  0.77  35.9   5.1 

Average of   5 readings
  Incident light: 1815.7  Transmitted fraction:0.14   LAI:  3.4 

12:07:47    29      1    555.2   0.77  1838.5  0.77  35.9   2.0 
12:07:53    29      2    400.6   0.84  1861.7  0.78  35.9   2.5 
12:08:00    29      3    568.2   0.76  1849.5  0.78  35.9   1.9 
12:08:06    29      4    493.5   0.92  1778.7  0.77  35.9   2.1 
12:08:11    29      5    354.2   0.85  1711.6  0.76  35.9   2.6 

Average of   5 readings
  Incident light: 1808.0  Transmitted fraction:0.26   LAI:  2.2 

12:08:28    30      1    236.8   0.71  1358.2  0.70  35.8   2.9 
12:08:34    30      2    216.7   1.03  1758.6  0.77  35.8   3.5 
12:08:40    30      3    351.3   0.99  1692.7  0.76  35.8   2.6 
12:08:45    30      4    202.8   0.75  1761.6  0.77  35.8   3.6 
12:08:50    30      5    182.8   1.09  1747.0  0.78  35.8   3.8 

Average of   5 readings
  Incident light: 1663.6  Transmitted fraction:0.14   LAI:  3.3 

12:09:20    31      1     87.4   1.11  1745.8  0.77  35.8   5.0 
12:09:27    31      2     21.7   1.17  1738.4  0.77  35.8   7.5 
12:09:34    31      3     25.8   1.34  1738.4  0.77  35.8   7.2 
12:09:42    31      4     33.1   1.82  1738.4  0.77  35.8   6.7 
12:09:48    31      5     82.3   1.49  1734.8  0.77  35.8   5.1 

Average of   5 readings
  Incident light: 1739.2  Transmitted fraction:0.03   LAI:  6.3 

12:10:05    32      1     51.7   1.73  1830.6  0.78  35.7   6.0 
12:10:11    32      2     41.9   1.12  1840.4  0.79  35.7   6.4 
12:10:19    32      3    126.8   1.20  1840.4  0.79  35.7   4.5 
12:10:25    32      4     46.8   1.35  1896.5  0.79  35.7   6.3 
12:10:31    32      5    130.4   1.24  1896.5  0.79  35.7   4.5 

Average of   5 readings
  Incident light: 1860.9  Transmitted fraction:0.04   LAI:  5.5 

12:10:46    33      1    166.6   1.23  1881.3  0.77  35.7   4.1 
12:10:54    33      2    202.8   1.55  1897.7  0.77  35.7   3.7 
12:11:01    33      3    212.2   1.47  1930.7  0.77  35.7   3.7 
12:11:08    33      4     89.8   1.63  1944.7  0.78  35.7   5.2 
12:11:14    33      5     65.6   1.42  1958.2  0.78  35.7   5.7 

Average of   5 readings
  Incident light: 1922.5  Transmitted fraction:0.08   LAI:  4.5 

12:11:31    34      1    496.2   0.75  1940.5  0.79  35.7   2.2 
12:11:37    34      2    427.3   0.83  1910.6  0.79  35.7   2.5 
12:11:44    34      3    583.2   0.96  1910.6  0.79  35.7   1.9 
12:11:50    34      4    352.2   0.90  1910.6  0.79  35.7   2.8 
12:11:56    34      5    519.0   0.86  1910.6  0.79  35.6   2.1 

Average of   5 readings
  Incident light: 1916.6  Transmitted fraction:0.25   LAI:  2.3 

12:12:16    35      1    145.1   0.95   582.4  0.30  35.6   2.1 
12:12:23    35      2    146.5   1.08   675.2  0.40  35.6   2.4 
12:12:29    35      3    208.3   1.10  1155.5  0.64  35.6   2.8 
12:12:36    35      4    286.3   1.33  1155.5  0.64  35.6   2.2 
12:12:42    35      5    311.0   1.06  1155.5  0.64  35.6   2.1 

Average of   5 readings
  Incident light:  944.8  Transmitted fraction:0.23   LAI:  2.3 

12:13:09    36      1    156.3   1.07  1964.3  0.79  35.6   4.3 
12:13:21    36      2     75.7   0.82  1360.0  0.72  35.6   4.8 
12:13:30    36      3     55.2   0.57   736.2  0.49  35.6   4.2 
12:13:39    36      4     74.6   0.44  1059.7  0.64  35.6   4.4 
12:14:16    36      5    307.0   0.86   962.7  0.54  35.5   1.8 

Average of   5 readings
  Incident light: 1216.6  Transmitted fraction:0.12   LAI:  3.9 

12:14:39    37      1    116.6   1.22  1839.8  0.75  35.5   4.6 
12:14:48    37      2     88.3   1.22  1361.2  0.67  35.5   4.6 
12:14:56    37      3    143.4   0.97  2061.3  0.78  35.5   4.5 
12:15:04    37      4    366.2   1.02  1952.7  0.77  35.5   2.8 
12:15:14    37      5    272.4   0.86  1353.3  0.69  35.5   2.6 

Average of   5 readings
  Incident light: 1713.7  Transmitted fraction:0.12   LAI:  3.8 

12:15:31    38      1    200.1   0.96  1653.0  0.74  35.5   3.5 
12:15:38    38      2    136.8   0.89  1338.0  0.68  35.4   3.8 
12:15:46    38      3    251.9   0.72  1272.1  0.66  35.4   2.6 
12:15:53    38      4    218.7   1.32  1705.5  0.74  35.4   3.4 
12:16:01    38      5    301.5   0.98  1524.2  0.72  35.4   2.7 

Average of   5 readings
  Incident light: 1498.6  Transmitted fraction:0.15   LAI:  3.2 

12:16:15    39      1    516.7   0.77  1624.9  0.74  35.4   1.9 
12:16:24    39      2    641.2   0.73  1951.4  0.78  35.4   1.8 
12:16:33    39      3    485.4   0.90  1939.2  0.78  35.4   2.3 
12:16:42    39      4    358.6   0.94  1932.5  0.78  35.4   2.8 
12:16:49    39      5    540.0   0.86  1942.3  0.78  35.4   2.1 

Average of   5 readings
  Incident light: 1878.1  Transmitted fraction:0.27   LAI:  2.2 

12:17:04    40      1    439.0   0.81  1960.6  0.79  35.4   2.5 
12:17:09    40      2    620.0   0.80  1952.7  0.79  35.4   1.9 
12:17:16    40      3    408.6   0.78  1949.6  0.79  35.4   2.6 
12:17:22    40      4    459.1   0.87  1712.8  0.76  35.4   2.2 
12:17:28    40      5    503.1   0.87  2003.3  0.78  35.4   2.3 

Average of   5 readings
  Incident light: 1915.8  Transmitted fraction:0.25   LAI:  2.3 

12:18:19    41      1    200.1   0.94  1969.1  0.77  35.3   3.8 
12:18:26    41      2    106.2   0.60  1969.1  0.77  35.3   4.9 
12:19:17    41      3    109.0   0.82  1021.9  0.57  35.3   3.7 
12:19:24    41      4    295.3   1.08  1241.6  0.63  35.3   2.3 
12:19:30    41      5    265.1   1.24  1241.6  0.63  35.3   2.5 

Average of   5 readings
  Incident light: 1488.7  Transmitted fraction:0.14   LAI:  3.4 

12:19:47    42      1    171.7   1.44  2070.5  0.77  35.2   4.2 
12:19:54    42      2     64.3   0.54  2070.5  0.77  35.2   5.9 
12:20:02    42      3     57.0   0.36   560.5  0.22  35.2   3.6 
12:20:09    42      4    151.8   1.21   560.5  0.22  35.2   1.9 
12:20:18    42      5    123.5   1.62  1648.1  0.73  35.2   4.3 

Average of   5 readings
  Incident light: 1382.0  Transmitted fraction:0.11   LAI:  4.0 

12:20:28    43      1    162.5   1.26  1890.4  0.77  35.2   4.1 
12:20:34    43      2    281.0   1.14  1692.0  0.74  35.2   3.0 
12:20:40    43      3    119.4   1.01  1692.0  0.74  35.2   4.5 
12:20:47    43      4    150.8   1.30  1692.0  0.74  35.2   4.0 
12:21:14    43      5    119.4   0.66  1120.8  0.57  35.2   3.7 

Average of   5 readings
  Incident light: 1617.4  Transmitted fraction:0.10   LAI:  3.9 

12:21:30    44      1    127.6   1.10  1338.0  0.61  35.2   3.9 
12:21:37    44      2    112.7   1.21  1338.0  0.61  35.2   4.1 
12:22:22    44      3    202.4   1.35  1921.5  0.69  35.1   3.7 
12:22:31    44      4    320.1   1.07  1921.5  0.69  35.1   2.9 
12:22:40    44      5     76.0   0.74  1156.2  0.46  35.1   4.5 

Average of   5 readings
  Incident light: 1535.0  Transmitted fraction:0.10   LAI:  3.8 

12:22:53    45      1    111.8   1.14   725.9  0.16  35.1   2.8 
12:22:59    45      2    127.1   1.28   725.9  0.16  35.1   2.6 
12:23:05    45      3     90.3   1.45  2111.4  0.71  35.1   5.3 
12:23:12    45      4    104.8   1.49  2101.0  0.71  35.1   5.1 
12:23:20    45      5    131.7   1.53  2101.0  0.71  35.1   4.7 

Average of   5 readings
  Incident light: 1553.0  Transmitted fraction:0.10   LAI:  4.1 

12:23:34    46      1    258.6   0.70  2162.0  0.72  35.1   3.5 
12:23:42    46      2    289.7   0.61  2054.6  0.72  35.1   3.2 
12:23:50    46      3    316.7   0.71  1032.9  0.49  35.1   1.8 
12:23:57    46      4    369.3   0.53  1032.9  0.49  35.0   1.6 
12:24:04    46      5    547.7   0.76  1218.4  0.61  35.0   1.2 

Average of   5 readings
  Incident light: 1500.2  Transmitted fraction:0.27   LAI:  2.3 

12:24:13    47      1    407.0   0.85  1802.5  0.75  35.0   2.5 
12:24:18    47      2    156.6   0.63  1802.5  0.75  35.0   4.1 
12:24:25    47      3     91.5   0.41  1802.5  0.75  35.0   5.0 
12:24:32    47      4     86.3   0.23  1802.5  0.75  35.0   5.1 
12:24:54    47      5     79.4   0.30   422.5  0.07  35.0   2.5 

Average of   5 readings
  Incident light: 1526.5  Transmitted fraction:0.12   LAI:  3.8 

12:25:11    48      1     48.7   0.32   390.2  0.05  35.0   3.1 
12:25:20    48      2     43.8   0.20   381.6  0.05  35.0   3.3 
12:25:29    48      3     49.0   0.34   374.3  0.04  35.0   3.0 
12:25:37    48      4     39.8   0.34   364.5  0.01  35.0   3.3 
12:25:44    48      5     44.5   0.24   355.4  0.00  35.0   3.1 

Average of   5 readings
  Incident light:  373.2  Transmitted fraction:0.12   LAI:  3.2 

12:25:56    49      1     32.7   0.45   349.3  0.03  35.0   3.6 
12:26:02    49      2     18.8   0.25   349.3  0.03  35.0   4.6 
12:26:08    49      3     39.9   0.34   349.3  0.03  35.0   3.3 
12:26:50    49      4    127.8   1.18  1890.4  0.81  34.9   4.6 
12:26:58    49      5    121.2   1.08  1890.4  0.81  34.9   4.7 

Average of   5 readings
  Incident light:  965.7  Transmitted fraction:0.08   LAI:  4.1 

12:27:15    50      1    192.0   1.19  1850.7  0.80  34.9   3.8 
12:27:22    50      2    134.7   1.71  1862.3  0.81  34.9   4.5 
12:27:29    50      3    155.2   1.51  1862.3  0.81  34.9   4.2 
12:27:38    50      4    146.7   1.64  1862.3  0.81  34.9   4.3 
12:27:47    50      5    112.7   1.24  1845.9  0.83  34.9   4.8 

Average of   5 readings
  Incident light: 1856.7  Transmitted fraction:0.08   LAI:  4.3 

